33930.0
33930.0
34036.399321875
33800.0011
33798.3812
33655.0105
33655.0105
33655.0105
33655.0111
33937.561075000005
33880.0
33880.1961
33979.9989
33880.1961
33880.195
33880.195
33964.299025
33880.1961
33790.197775
33677.7871
33789.8302
33789.8302
33789.8302
33789.8302
33789.8302
33789.8302
33789.8302
33789.8313
33835.0008
33835.0008
33986.0
33986.0
33810.2396375
33657.0
33376.5162324768
33571.9677
33575.474799999996
33578.9819
33628.0005
33573.0439
33680.0005
33693.876449999996
33751.1414
33922.52538125
33972.5512
33800.6223
33800.6223
33900.0
33900.0
33935.8237
33987.1830875
34086.2647
34000.2011
34000.2011
34010.0
34098.9889
34010.0011
34098.994725
34098.9889
34098.99945
34099.0
34099.0
34099.0
34193.52561875
34099.3032
34083.1211875
34075.3622
34075.37
34198.9989
34199.9889
34080.87535
34066.018075
34051.1608
34026.118149999995
34001.0011
34044.7932
34051.0
34080.8
34051.0022
34051.0022
34051.0022
34051.0022
34051.0022
34051.0022
34051.0034
34051.0034
34051.0034
34051.0028
34051.0022
34051.0022
34051.0022
34051.0022
34051.0022
34199.9989
34199.9989
34199.9989
34199.9989
34157.7228
34051.1412
34051.070049999995
34051.06085
34051.0595
34051.029500000004
34051.0
34051.0
34051.0
34051.0
34051.0
33921.10025
33843.47735
34133.1981
34136.1997
33871.6834
33871.6847
33871.6847
33871.6835
33871.6823
33871.6823
33871.6823
33871.6823
33819.5201
33819.52005
33819.6523
33819.5467
33819.5467
33819.5467
33819.5467
33819.5467
33819.5467
33819.5467
33819.5467
33819.5467
33819.5467
33819.5467
33819.5467
33819.5467
33819.5467
33819.5467
33819.5467
33819.5467
33819.5467
33819.5467
33819.5467
33819.5467
33645.929875
33469.505187500006
33129.495031054685
33224.4401
33471.4363
33279.2105
33279.2105
33279.2105
33266.9309
33266.9309
33471.4219
33471.4219
33471.4219
33471.42245
33506.7605
33493.8611
33493.8611
33659.4619
33659.4619
33659.4619
33659.4619
33625.84
33625.84
33565.85505
33719.21505
34010.97499199219
34025.524399999995
33690.0011
33690.0
33600.0
33600.0
33595.47115
33408.060506249996
33337.11
33137.221875
33100.1848
33100.0001
33396.9889
33396.99
33393.9895
33100.3012
33100.0751875
33100.1457
33100.13755
33042.507603125
33260.6867
33020.070225
33020.14
33020.038725
33020.0
33020.02925
33010.49945
33073.9989
33075.7498625
33076.99
33268.37465
33200.0011
33200.00055
33200.0
33060.0
33033.5
33096.45
33096.45
32893.1439470459
32835.721099999995
32834.1829
32834.1829
32834.1829
32834.26835
32835.1829
32834.26835
32835.0
32835.0
32834.4108
32834.11355
32767.002125
32750.05805
32750.0
32750.0
32740.2039
32677.261899999998
32677.21945
32600.2781
32600.2781
32677.2189
32600.2781
32600.2781
32600.2781
32600.2781
32600.2781
32600.277
32600.277
32600.2385
32585.622
32729.7326
32730.6008
32763.275
32769.795
32914.8079
32928.6462
32928.6462
32928.6462
32928.6462
32928.6462
32928.6462
32928.6462
32928.6462
32928.6462
32928.6462
32928.6462
32928.6462
32928.6462
32928.6462
32928.6462
32928.6462
32928.6462
32928.6462
32919.011750000005
32928.6462
32928.6462
32928.2842
32928.6462
32928.645650000006
32928.6462
32928.6462
32928.6462
32928.6462
32928.6462
32928.6462
32928.6462
32928.0122
32928.0122
32928.0122
32928.0122
32925.2802
32922.356700000004
32896.0011
32890.0
32890.0
32890.0
32890.0
32890.0
32818.8262
32910.823375
32928.6462
32940.011750000005
33020.592399999994
32884.9521
33074.6422
33347.82581953125
33333.3322
33333.3333
33290.00005
33364.17265
33424.766275
33300.0059
33300.0027
33290.0011
33285.160775
33075.01
33032.167199999996
33165.8412
33160.0
33162.921149999995
33165.8423
33352.8384
33279.9988
33279.9999
33349.9999
33379.99995
33379.9999
33320.0
33379.9999
33379.9999
33573.176603125
33588.5999
33588.4
33588.4
33588.3999
33556.2
33481.0
33499.0
33479.0011
33498.9995
33479.5
33479.0
33478.9989
33478.9889
33609.9989
33558.6289
33558.6189
33558.6189
33540.0
33479.0011
33490.9095
33490.9094
33479.0
33316.338625000004
33211.0011
33174.505000000005
33057.14984941406
33088.662775000004
33050.01
33240.6007
33293.2765
33240.6007
33275.0
33250.0
33230.0
33209.830749999994
33196.9989
33050.605025
33149.9983
33129.9989
33050.01
33060.0
33050.0
33050.0
33156.7689
33104.3288
33104.32
33104.3288
33104.3288
33104.32
33104.33
33155.0
33252.6136859375
33255.6489
33152.0023
33115.28
33115.274999999994
33115.28
33102.607449999996
33086.37
33086.37
33055.0
33052.87
33040.31345
33049.6877
33024.843850000005
33035.5975
33035.598
33102.58825
33122.5888
33162.7494
33168.54995
33122.95645
33122.6888
33072.71
33040.0
33037.500025
33040.0
33035.0001
33035.0001
33035.0
33032.5
33030.0
32842.672125
32800.0253
32999.9998
32811.0004
32999.0
32999.0001
32850.9979
32850.9978
32807.99995
32830.49895
32805.0
32805.0
32801.2525
32800.0
32800.0051
32800.0051
32800.005
32800.0051
32800.0
32800.0001
32800.0001
32501.218739447024
32499.898
32539.9764
32580.0038
32499.000050000002
32580.0038
32513.210512499998
32700.0
32793.3217
32793.3216
32791.3216
32700.2963
32733.0
32702.0
32780.0863
32702.543149999998
32700.771575
32702.0005
32780.0
32780.833150000006
32738.0
32781.54
32738.0
32700.04
32759.77
32709.520375
32781.54
32781.54
32781.54
32781.54
32781.56
32781.56
32947.4947375
33000.5
33001.0
33388.06695406737
33034.0011
33299.0
33299.0
33385.2332
33034.2011
33034.3011
33034.3023
33035.026475
33286.638349999994
33101.1011
33101.1
33189.9989
33102.0077
33199.9989
33199.9989
33001.2011
33199.9989
33019.743903124996
33001.2005
33001.2
32897.7301
32863.5424
33132.0995
32902.0011
33120.06
33120.05
33112.49
33111.2627
33324.149097949216
33000.0
32999.99
33078.494999999995
33000.0
33152.0
33152.0011
33160.00055
33294.98
33160.5022
33275.97945
33275.985
33337.330825
33496.579178125
33164.3465
33498.421
33165.0011
33494.55145
33490.482
33490.058
33399.0
33491.69
33492.498
33304.0401
33304.0401
33304.0401
33304.04
33304.0401
33491.787
33492.99
33293.246849999996
33178.794775
33482.99
33481.8989
33450.0
33477.72221875
33487.9983
33487.9983
33487.9983
33487.9983
33488.9978
33487.9983
33487.9983
33184.1596
33486.9878
33486.9878
33486.98
33483.9878
33480.0
33200.0
33200.0
33486.951825000004
33492.9183
33390.00505
33165.961877343754
33160.0
33166.227
33446.90875625
33446.8999
32900.96890962371
33043.4151
33045.555
32932.71500625
32864.765
33208.95
33208.95
33208.0
33208.325
33208.6499
33351.969492968754
33397.213
33050.1
33071.0
33396.0
33495.67780019531
33622.023728515625
33555.0011
33555.0011
33371.500524999996
33192.0005
33592.9965
33365.617
33592.9953
33592.9953
33592.9953
33592.9953
33384.84422499999
33384.53
33595.347075
33387.8746
33500.000275
33500.0005
33599.49865
33599.9973
33597.999125
33600.0005
33658.0
33679.591199999995
33689.8432
33819.43895166015
33684.107
33841.9989
33706.2398
33841.9989
33841.9989
33842.869699999996
33888.0
33713.0541
33898.25
33905.0
33905.0
33905.0
33905.0
33919.9999
33905.0
33919.9977
33905.0
33703.0
33718.0011
33709.500325
33765.5442
33761.6723
33761.6723
33849.5147
33899.551
33899.551
33899.551
33899.678
33899.678
33899.678
33899.678
33899.839
33899.576
33900.0
33850.0
33820.9979
33750.0
33750.0
33820.9952
33750.0
33809.9995
33720.0011
33755.50025
33798.9989
33798.9989
33798.9989
33798.9989
33798.9989
33795.0
33795.0
33795.0
33798.75
33812.99895
33820.9979
33997.37224140625
33999.0
33999.0
33999.0
33999.0
33999.0
33999.0
33753.0
33753.0
33800.0
33889.99975
33761.47165
33761.7055
33974.4262
33973.0469
33947.5991
33774.7295
33775.0
33768.0
33775.0
33774.9995
33770.0
33770.0
33775.0
33775.0
33774.9995
33775.0
33770.1
33770.1
33770.0005
33770.1
33770.1
33770.1
33772.55
33775.0
33772.0105
33770.0
33849.9989
33840.9989
33850.0
33850.0
33910.0
33948.99995
33948.999599999996
33948.5
33950.0
33950.0
33945.0
33947.5
33858.255124999996
33950.0
33946.9995
33947.0
33947.0
33993.3625
34000.0
33999.99
33999.99
33894.3218125
33859.0134
33859.0134
33859.0134
33859.0134
33859.0134
33859.0134
33859.0134
33859.0134
33859.0134
33859.0134
33859.0134
33929.5067
33999.9895
33862.0323
33875.827875
33999.9852
33999.9791
33860.00055
33999.9695
33999.967749999996
33860.0036
33860.0036
33860.0036
33860.0036
33860.00305
33860.00125
33900.0
33900.0
33999.9884
33999.9984
33900.0
33999.9973
33901.0
33921.00055
33999.9888
33999.9989
33921.0011
33921.0011
33905.12525
33845.249725
33900.9989
33900.9989
33821.0011
33821.0023
33865.0011
33865.0011
33865.0011
33865.0011
33865.0011
33865.0011
33979.9962
33852.0011
33852.0011
33852.0011
33852.0
33852.00055
33978.9964
33818.37506875
33755.0
33666.0
33805.63975
33603.0
33590.902340625
33548.167499999996
33502.1486015625
33323.875025
33751.5065
33746.2285
33428.00915
33393.0
33694.7775
33649.7049
33465.00005
33480.0
33480.0
33562.7379
33512.4046
33401.0001
33455.561499999996
33491.1229
33450.0
33462.79975
33332.638862499996
33456.8439
33456.8403
33646.218771875
33681.4299
33679.7218
33679.3873
33677.4287
33600.2652
33600.2652
33472.8716
33498.31
33498.31
33498.2992
33498.2992
33441.0018
33441.0022
33441.0022
33600.659
33596.931
33594.157
33369.00106875
33593.5017
33500.8189
33499.9989
33499.9989
33499.9989
33500.8178
33500.81835
33500.8189
33599.9999
33550.0
33550.0
33600.6611
33600.6611
33600.6612
33600.6611
33600.6622
33700.0
33700.0001
33700.0001
33799.9989
33799.9989
33799.9994
33800.0
33799.9994
33701.1059
33767.9605
33767.9605
33767.9605
33799.9983
33799.9994
33799.99965
33799.9983
33783.97915
33767.96
33767.96
33767.96
33767.96
33767.96
33700.0
33516.478843749996
33501.00055
33677.7754
33600.0
33599.9989
33599.99945
33600.0
33600.0
33615.556
33677.7777
33603.1121
33546.67115
33526.0065
33526.0055
33677.7712
33677.7766
33677.773
33581.2851
33581.2851
33738.62035
33772.9977
33772.9977
33621.00535
33759.9989
33762.499125
33774.9875
33824.95525
33881.75
33756.0058
33757.0006
33898.99945
33900.0
33900.0
33898.9995
33840.0
33835.0
33840.0
33800.0
33840.0
33787.5
33775.0
33840.0
33757.71639375
33869.5
33899.0
33858.012525
33858.01
33899.0
33899.0
33899.0
33899.0
33899.0
33899.0
33899.0
33899.75
34051.7487846283
34102.7474
34136.2008
34136.2008
34136.2008
34080.2008
34083.2008
34135.0
34086.00055
34165.2375
34229.6045375
34234.0
34234.0
34220.0
34155.6
34209.7968
34091.00065
34209.499725
34214.99945
34215.0
34090.0011
34100.0
34100.0011
34100.0011
34175.30805
34094.500275
34089.0
34089.0011
34089.0011
33995.509999999995
34053.2389
33852.500275
34084.9431
34163.8977
34163.8988
34200.0
34208.82
34217.5
34227.99
34229.9444
34229.99
34100.99
34081.6312
34060.226015625
34229.9877
34229.9799
34229.987875000006
34234.4167
34235.0073
34260.588
34299.0
34352.472200000004
34329.1066
34354.5
34394.60805
34397.99
34406.0611
34444.0
34444.0
34444.0
34444.99
34445.4994
34491.991125
34497.59015
34525.687996875
34541.409100000004
34577.89794375
34637.5
34650.0
34690.0
34667.97
34680.0
34680.0
34695.02161875
34747.3604875
34785.64405
34799.9973
34799.9973
34840.8773
34970.4545
34970.4545
34970.4545
34970.4545
34970.4545
34961.259999999995
34987.0
34987.0
34987.0
34987.0
34987.0
34952.05
34952.05
34833.3333
34917.13
34917.13
34917.1311
34917.1311
34900.0
34900.0
34989.99945
34990.0
34990.0
34990.0
34990.0
34900.0
34900.0011
34997.0
34997.0
34997.0
34900.0011
34900.00055
34900.0
34900.0
34900.0
34900.0
34900.0
34900.0
34900.0
34900.0
34900.0
34900.0
34900.0
34900.0
34900.0
34900.0
34900.0
34900.0
34900.0
34900.0
34962.0
34900.0
34683.3071671875
34589.545515624995
34865.1289
34992.1002953125
34850.0
34850.0011
34850.0011
35003.73186328125
35004.99945
34880.0
34880.0
34880.0011
34880.0011
34880.0011
34973.75
35010.34435
35056.6667
35056.6667
35056.6667
35056.6667
35056.6667
35056.6667
35056.6667
35056.6667
35056.6667
35011.52365
35010.18
35079.3141625
35055.09
35010.1811
35010.1811
35100.0
35100.0
35100.0
35055.09055
35010.1811
35010.1811
35010.1811
35010.1811
35010.1811
35010.203
35010.18
34975.1989
34789.566043750005
35117.36975
35193.064875
35199.9899
34644.200715625
34720.13855
34720.10035
34946.4465
35026.7167375
35134.61
34812.0064
35124.56
35185.70963125
35199.99
35249.5
35290.0
35466.52164296875
35500.0
35515.494699999996
35622.297974999994
35666.6854
35666.6854
35666.6854
35690.0
35690.0
35690.0
35690.0
35690.0
35690.0
35690.0
35690.0
35690.0
35690.0
35690.0
35690.0
35690.0
35690.0
35690.0
35690.0
35690.0
35666.6854
35666.6854
35666.6854
35541.6637
35541.6637
35541.6648
35541.6648
35541.6943
35541.6648
35541.66425
35541.6637
35541.6637
35541.6637
35541.6637
35541.6637
35541.6637
35541.693199999994
35541.6637
35541.6637
35541.6637
35541.6637
35447.461425
35399.19135
35399.091
35399.1864
35399.1864
35400.0
35399.13845
35399.091
35399.091
35399.091
35358.78465
35333.0
35333.0
35426.7652
35299.99
35300.0
35299.99945
35420.68
35460.27
35460.27
35548.9399
35548.94
35548.94
35410.03005
35590.2
35549.22
35541.95
35541.9495
35360.23
35560.23
35630.8897
35630.89
35380.2654
35695.0
35537.63325
35501.0005
35694.99945
35697.0
35695.8333
35660.17
35660.17
35660.17
35660.17
35660.17
35660.17
35660.17
35660.1894
35660.17
35705.04185
35750.0
35705.085
35660.17
35660.1711
35660.1711
35799.0
35660.1711
35660.1711
35660.170549999995
35660.17
35668.9989
35668.9989
35668.9989
35668.9989
35668.9989
35660.2394
35624.6789
35624.6789
35624.6789
35624.6789
35572.84195
35624.68
35626.68
35626.68
35626.6811
35626.6811
35626.6816
35626.6816
35626.6827
35626.6827
35626.68215
35626.6816
35626.6816
35626.6816
35626.6816
35626.6816
35626.6816
35626.6816
35626.6816
35626.6816
35626.6816
35798.99945
35650.0005
35722.008
35798.9989
35798.9989
35763.24
35799.0
35799.0
35992.936725
35999.0
35999.9375
35805.19685
35999.99948125
35820.00077499999
35804.54905
35998.9988
35998.99935
35998.99995
35999.0
35998.9999
35998.9999
35998.9999
35856.47081875
35999.606524999996
36000.2136
36000.2136
35860.0
36000.2136
36000.2136
36000.0
36000.0
36000.2136
36005.080125
36284.65124841309
36300.0
35880.0
35880.0
36300.0
36300.0
36115.5
36302.3599
36302.4
36100.0
36199.5
36199.9999
36100.0
36199.749975
36200.0
36100.0
36200.0
36200.0
36200.0
36360.0
36111.50055
36373.41245
36387.160350000006
36400.0
36400.0
36508.124025
36525.92
36525.92
36404.0012
36404.1243
36404.0035
36451.0
36558.079675
36589.869999999995
36555.0176
36453.00005
36590.24
36551.71
36451.5707
36503.7495
36451.1403
36451.1402
36450.57015
36489.48
36489.0
36489.4799
36562.4689
36562.4689
36127.88875700683
36514.36
36514.358112500006
36499.9999
36499.9999
36499.9999
36499.9999
36499.9999
36554.42
36562.43
36562.45
36499.99995
36499.9999
36560.0
36542.6495
36542.6495
36490.51
36490.50995
36490.5095
36106.08541875
36237.4397
36305.8526
36305.8526
36447.51855
36489.78615
36540.255000000005
36590.0
36594.5738
36595.3551
36595.35505
36596.1364
36596.1364
36880.903234375
36909.704549999995
36940.0
36992.9589
36992.9589
36992.9589
36992.9589
36998.9999
36998.9999
36914.8636
36914.8636
36901.4318
36735.5
36582.0
36890.0
36950.0
36890.06
36627.18900625
36600.6221
36890.0
36711.0011
36711.0011
36711.0011
36711.0011
36626.0005
36849.749925
36701.0011
36700.1522
36839.9984
36839.9983
37269.528746910095
36839.9983
36840.7665
36855.326
36855.0011
37298.4595
36855.378
36742.891171875
36709.1527
36854.6049
37187.289075
37220.308
36800.0
37000.0
36800.4196
36723.352325
36724.78805
36700.0
36700.099650000004
36700.0
36799.9995
36700.0
36700.0
36005.25250526733
36679.0
36843.75
36401.5
36303.0
36002.742019958496
35950.0
35950.0
36648.707
35965.3152
35965.6304
36496.4997
36050.25
36050.25
36050.25
36299.097362500004
36481.4305
36476.557
36206.02475
36220.673
36121.0123
36121.039600000004
36121.00055
36041.75438124999
36011.02
36200.2377
36200.2366
36296.627
36296.3019
36296.6269
36297.0
36300.0
36320.99
36120.2961
36400.0
36490.0
36595.0
36597.0
36400.0
36510.5385
36586.9995
36586.9995
36410.0011
36570.0
36565.0
36565.9995
36565.9995
36183.2849953125
36014.0022
36014.0022
36560.0
36565.9995
36553.49981640625
36600.0
36600.030750000005
36600.0
36600.0
36600.032999999996
36600.0
36600.0
36600.0
36600.03
36600.0
36600.0
36600.0
36600.03
36600.0
36600.0
36600.0
36600.0
36600.0
36600.0
36600.0
36600.06
36600.0
36600.0
36600.0
36600.03
36600.0
36250.0011
36599.99625
36499.99
36333.33055
36105.837810351564
36118.371549999996
36101.7431
36101.4491
35979.725351708985
35970.0
36196.2755
35972.5573
36193.4975
36177.9595
36031.78465
36030.0001
36143.77
35960.542475
36086.960475
35957.9428
35845.679765625
35767.862550000005
35750.005000000005
35657.23444375
35650.81
35528.1661703125
35707.5939
35826.16390625
35897.3006
35894.1689
35893.0837
35650.8136
35866.481
35897.345
35899.7
35899.6999
35899.9792625
35899.99
36164.93023676758
36096.3087
36180.0
36179.99945
36180.0
36180.0
36051.0
36054.0016
36350.285556250004
36444.74505
36500.0
36500.1
36500.1
36500.1
36500.1
36463.64
36463.64
36407.0018
36461.537899999996
36211.0038
36415.0
36378.6188
36378.6188
36229.3085
36342.2789
36229.3096
36342.28
36360.45
36537.025
36450.0
36599.48357421875
36347.702375
36342.5272
36342.5266
36342.52665
36342.40365
36342.28
36342.28
36342.28
36342.28
36342.28
36342.28
36342.28
36342.28
36342.28
36342.28
36342.28
36342.28
36342.28
36342.2801
36342.5266
36342.28005
36342.28
36342.28
36342.5266
36342.2822
36450.0
36649.99068320313
36665.999
36355.0076
36475.0
36475.0011
36475.00055
36416.503450000004
36400.0
36400.0
36400.0
36365.0115
36684.9419
36370.0137
36684.9419
36378.1011
36378.1011
36378.1011
36378.1011
36378.1011
36378.1011
36378.1011
36575.0
36575.0
36296.640499999994
36250.0
36253.0005
36259.6845
36263.7169
36263.8471
36263.8471
36263.8471
36628.5898
36628.5887
36698.37319475098
36725.0
36762.1569
36600.0011
36770.0
36664.0
36667.0048
36771.2539
36771.2539
36771.2539
36734.52
36705.0005
36705.001
36734.52
36711.0015
36964.33014003906
36908.5
36700.0011
37077.96725273438
37099.99475
36712.0
37100.0
37100.0
37100.0
37100.0
36714.0016
36714.0016
36714.0
36713.00025
36712.0005
36712.0005
36712.0005
36712.0005
36800.0
36800.17495
36800.0
36714.0011
36714.002
36714.002
36762.0
36714.002
36706.763225
36700.0
36700.031
36700.0
36700.0
36700.0
36700.0
36700.0
36662.0
36612.4311
36601.0
36650.0
36600.50005
36600.0
36600.0001
36600.0002
36600.0003
36600.0003
36600.0
36600.0003
36601.0
36601.0
36601.0
36656.67
36601.5323
36663.34
36763.2377
36763.2377
36763.2377
36763.2377
36604.0005
36600.0001
36600.0
36700.0
36600.0012
36600.0
36600.0
36600.0
36600.0
36600.0
36600.0
36600.0
36600.0
36500.9
36500.9
36400.0
36350.0
36300.01
36300.01
36463.9989
36464.4389
36464.44
36465.0048
36353.0011
36400.9989
36350.000325
36350.05
36303.218756250004
36350.0001
36360.0
36606.219725
36684.75
36563.4384
36400.0033
36403.4389
36563.4378
36563.4378
36563.4389
36689.899675
36684.9
36684.9983
36684.9983
36684.9983
36563.5011
36641.495299999995
36563.5011
36563.5011
36563.5011
36563.5
36450.4485
36415.0
36404.0
36400.0001
36400.0
36400.0
36400.0
36339.7082875
36559.999
36340.0005
36734.22592001953
36753.749975
36968.368275
36577.0
36600.0
36583.49945
36350.3766
36351.252
36358.6537
36361.0
36361.0
36368.0
36370.001
36370.001
36370.0016
36373.001
36373.001
36390.0
36332.0021
36350.0
36350.0
36340.5
36331.0
36331.0
36331.0001
36331.0021
36331.00055
36330.5
36330.0
36316.0
36302.0
36302.0
36300.0
36300.0
36300.0
36300.0
36300.002
36300.0
36300.0
36300.0011
36302.0
36333.0
36498.9889
36333.33
36333.3316
36343.0
36986.7710020752
36467.0016
36477.0011
36483.500275
36790.8809
36784.3938
36505.0005
36550.0017
36550.0007
36743.9277
36700.0
36700.0
36700.0
36867.9989
36610.0011
36610.0012
36610.00055
36605.45555
36602.0
36602.0
36602.0001
36600.9111
36511.192125
36396.0011
36686.958603125
36880.0738625
36850.0
36503.106
36445.06415488281
36499.9784
36573.439425000004
36404.011549999996
36645.9989
36646.7941
36649.1736625
36650.0
36804.908575
36881.624937500004
36896.75
36960.3925
36990.0
36999.125
37080.0
37124.624725
37106.00055
37133.0
37195.9120375
37446.37988648987
36808.3261
37444.0
37444.0
37333.0
37333.0
37333.0
37222.0
37222.0011
37222.0011
37222.0011
37222.0
37222.0
37101.036850000004
37101.0
37101.0
36905.0061
36905.0061
36906.0
37099.0
37099.9987
36977.7777
37097.999725
37099.99995
37150.0
37150.0
37150.0
37150.0
37409.78936875
37104.0542
37105.0016
37105.3385
37105.3386
37463.0624046875
37119.3728
37498.906243749996
37150.0011
37500.4998625
37500.0
37499.0
37499.0187
37300.0011
37310.0011
37303.0
37536.3546
37302.0027
37302.0016
37608.6334640625
37325.2705
37325.5683
37370.0005
37370.0005
37370.0005
37621.0
37354.0
37319.392625
37301.0005
37673.840337500005
37301.026750000005
37684.993
37303.382
37303.191
37243.036443749996
37499.9989
37200.5023
37200.5023
37200.5012
37200.5023
37200.5023
37479.9977
37286.00055
37285.4287
37382.7138
37240.2443
37223.13493125
37589.9947
37200.0006
37497.5
37202.148499999996
37202.1365
37202.0
37202.0
37202.0
37202.1365
37202.0
37202.0
37202.0
37066.25286699219
36977.36505
37084.6
37084.9389
37151.0005
37289.99945
37270.6053
37486.3944359375
37407.7106
37505.5189
37505.51945
37540.0
37540.0
37540.0
37677.545443457035
37720.0
37710.0
37710.0
37710.0
37728.708249999996
37699.801600000006
37742.4165
37888.2349
37896.9983
37742.573749999996
37721.098249999995
37799.99945
37848.9987
37760.0011
37760.00055
37660.1901
37660.189
37558.1612
37660.189549999996
37660.1901
37660.1901
37842.9971
37700.0011
37750.0
37740.015275
37740.005000000005
37740.0
37479.8001375
37260.0932
37360.8
37245.6126
37101.033225
37061.1195
37125.227849999996
37156.9
37030.1309
37005.250062499996
36970.63
36951.0004375
36950.0
36950.0
36950.0
36950.0
36950.0
36950.0
36950.0
37090.037
37090.0365
36950.0011
36950.0
36950.0
36950.0
36950.0
37020.00025
36952.0
37089.948525
36950.0016
37089.9499
37089.9299
37089.9288
37089.9196375
37150.0
37250.0
37250.0011
37253.0011
37350.0
37664.9865
37664.9865
37664.981
36959.014275
36826.515675
36709.09987910156
36521.8889859375
36501.25
36500.45
36550.0
36550.0
36550.0
36550.0
36550.0
36550.0
36550.0
36535.2485
36500.003375
36401.90625
36350.0
36321.25625
36301.0
36301.02475
36300.52475
36399.9964
36245.9988
36245.9999
36246.1555
36246.156050000005
36246.07635
36245.1
36211.0
36245.1
36322.54935
36211.0
36344.9988
36191.005625
36177.7777
36177.861300000004
36177.7777
36177.9009
36177.9009
36337.4845625
36177.9057
36177.9084
36349.9789
36177.902
36177.9015
36177.83932499999
36177.7777
36177.8638
36177.7777
36177.7777
36004.7763078125
36347.909725000005
36000.3501
36000.3501
36290.0
36000.3501
36000.3501
36000.349
36000.0005
36000.0005
36000.0005
36000.0
36000.0
36000.0001
36000.0005
36000.34
36000.4798
36269.9997125
36513.49
36513.49
36200.0011
36200.0011
36200.0011
36513.4889
36200.0011
36200.0011
36200.00085
36250.00055
36251.0
36250.0
36250.0005
36260.0
36260.0
36270.0
36270.0
36270.0
36270.0006
36270.0005
36280.12175
36290.0
36330.0005
36360.0
36360.0
36360.0
36360.0
36360.0005
36370.0
36513.49
36513.49
36513.49
36195.112025
36050.0
36000.0
35850.247225
35752.75
35725.03525
35712.5
35604.5455
35604.5455
35600.035325000004
35600.002250000005
35604.5455
35600.0
35612.179950000005
35603.4005
35795.4545
35795.4545
35795.4545
35600.00115
35603.8605
35795.226975
35757.36975
35755.140849999996
35797.9989
35767.0
36009.99945
35952.73
36010.0
36356.019075000004
36410.919949999996
36010.8712
36012.0
36012.00055
36011.555
35841.3407
35850.0
35850.0
35900.0
35899.9995
35850.0
35738.5
35701.0995
35899.9927
35899.98835
35708.61020625
35700.0
35700.575
35700.0
35700.0452
35700.0
35700.0
35670.58
35683.75
35670.58
35670.58
35729.26
35670.58
35670.58
35670.58
35601.9508125
35503.125
35314.0
35053.774678125
35000.790318750005
35000.01
35000.01
35000.01
35000.01005
35101.18
35101.0
35101.0
35050.25005
35099.122
35000.0
35010.0
34940.2
34917.1115
34916.93
35097.1484
35099.1642
35279.0
35106.8355
35106.8344
35106.6605
35277.5207
35150.0
35150.0
35276.89
35277.14865
35277.15
35188.5739
35277.1489
35289.017525
35387.345925
35251.0011
35251.0
35250.0771
35399.9919
35250.0782
35250.0782
35132.53855
34980.0
34958.464403125006
34745.0565625
34673.7332
34673.58
34673.5804
34660.50655
34643.968349999996
34713.239825
34726.6565
34726.6565
34644.26005
34688.0
34880.9792
34688.1952
34688.1952
34688.194650000005
34670.86705
34568.970325
34484.641671875
34750.2804875
34800.0
34800.0
34800.0
34800.0345
34444.0011
34461.22275
34360.41185625
34363.6364
34363.6364
34352.76
34368.4087
34373.181
34583.58885
34793.9967
34793.9956
34556.997
34340.725
34340.39805
34341.2291
34341.2291
34340.64955
34340.07
34340.07
34340.07
34340.07
34211.855731250005
34354.2305
34744.205575
34400.0016
34407.41055
34706.4388
34706.43815
34706.4
34706.4
34617.22
34619.22055
34706.3989
34706.3989
34706.3989
34706.3989
34706.3989
34650.0
34640.0
34619.22
34617.22
34640.0
34617.22
34640.0
34640.0
34640.0
34640.0
34640.0
34640.0
34640.0
34698.7525
34706.439450000005
34706.44
34706.44
34706.44
34706.44
34706.44
34706.44
34663.22055
34780.8699
34780.8699
34780.8688
34780.8688
34780.8688
34780.8687
34785.6396875
34790.41
34790.41
34790.41
34794.705
34799.0
34799.0
34800.0
34801.0
34801.0
34801.0
34801.0
34958.240000000005
35001.0011
35161.8106625
35241.0546
35330.96995
35315.48495
35300.0
35325.97
35300.0
35200.0011
35200.00055
35325.9689
35325.9689
35200.00055
35200.0
35200.0
35200.0
35199.9989
35199.9977
35199.998250000004
35100.0031
35239.9989
35200.0
35240.0
35244.0
35336.8561
35336.86455
35102.001
35108.0
35200.00055
35200.0
35222.0
35336.8545
35223.0
35095.000075
34954.54
35000.0
35248.9989
35100.0
35100.0
35100.0
35391.179302539065
35400.0
35387.474725
35492.486803125
35390.0
35390.0
35390.0
35390.0
35394.5
35490.0
35490.0
35490.0
35490.0
35490.0
35490.0
35490.0
35490.0
35490.0
35490.0
35499.6613
35499.6613
35499.6613
35499.6613
35499.6613
35499.6613
35499.6613
35499.6613
35499.6613
35499.6613
35495.0
35495.0
35492.0
35490.00485
35499.6613
35490.0197
35490.01
35490.01
35499.6613
35500.0
35671.556975
35777.0
35983.28433476562
35777.0011
35729.000275
35711.9993
35716.999599999996
35666.0
35711.9994
35887.7584
35624.99985
36048.460278125
36091.2712
36091.2711
36077.68
35855.928425
35855.8568
35855.8563
35855.8563
35855.8563
35855.8563
35855.8563
35898.9984
35855.8563
35721.0
35808.6913
35721.00055
35669.16
35620.0
35540.25
35490.0
35497.0015
35999.99945
35800.0
35800.0059
35825.00055
36251.45990351563
35738.1086
35744.32
35753.5748
35751.9619
35734.761
35735.292
35983.7335
35957.0116
36289.4722
36287.4518
36295.7613125
36300.0
36319.9999
36191.0029
36320.0
36208.031
36220.0
36319.9989
36310.0
36319.9989
36326.5643375
36387.595
36319.24
36310.0
36350.0
36350.0
36412.949524999996
36351.4012
36435.285950000005
36439.5719
36450.0
36351.4211
36351.4235
36351.4235
36351.4235
36351.4235
36351.4235
36351.4201
36351.42005
36351.42
36460.79755
36351.42005
36351.42
36310.0
36444.9999
36445.0
36444.9989
36310.010550000006
36310.01
36310.01
36310.01
36457.9925
36459.9989
36310.0123
36454.975049999994
36457.9784
36310.0011
36359.99
36202.710525
36142.44
36145.47
36145.0011
36145.0011
36100.5554
36095.4299
36095.4299
36100.5554
36128.8885
36359.9879
36250.0036
36250.0025
36250.003
36360.4973875
36468.59505625001
36470.23
36470.23
36470.23655
36500.0
36404.0901
36500.0
36500.0
36540.5
36550.0
36588.02
36588.0156
36724.90099375
36800.0
36822.1735
36811.08675
36800.0
36800.0
36800.0
36800.0
36830.615000000005
36800.0
36800.0
36800.0
36800.0
36800.0
36800.0
36800.0
36700.0
36700.0
36700.0
36700.0
36700.0
36666.0
36555.0
36555.0
36555.0
36331.52
36331.52
36335.0
36335.0
36331.52
36331.52
36331.52
36265.759999999995
36005.377
36309.09
36001.1448125
36329.497124999994
36001.1739
36291.3541625
36120.1997
36120.1997
36018.07816875
36000.0
36000.0
35964.0
35647.180559960936
35678.8234
36062.9995
35633.81113125
35868.9989
35614.1276
35700.0
35614.0012
35699.9989
35699.98
35699.9789
35699.9789
35698.0
35699.98
35699.99
35614.0883
35699.989449999994
35614.0883
35614.0872
35696.9989
35533.2997
35534.1648
35691.9576
35691.9599
35848.9984
35625.0
35691.9599
35691.96045
35874.0
35599.92505
35750.0
35750.0
35845.8575
35610.2301
35850.10265
35880.0
36089.975
35888.0
35888.00055
36195.9489
36026.68
36011.00055
36096.94425
36011.0006
36190.9765
36150.9355
36011.01065
35973.6163375
35833.469025
35724.3255
35963.07
35963.07
35963.0705
35963.0705
36107.73005
36046.5505
36105.3705
36109.2038
36105.3717
36137.503450000004
35987.7044
35987.7081
35954.2477
35854.030549999996
35982.66935
36138.102
36138.102
36138.4305
36033.0228
36033.0218
36054.0
36138.429950000005
36193.47445
36195.9489
36315.682
36152.4528
36200.0
36200.0
36283.4474
36283.6644
36283.6644
36283.6644
36283.6644
36318.16558085938
36343.475525
36355.7869
36306.6
36367.0
36306.6
36306.6003
36366.9888
36366.99
36366.994999999995
36367.0
36367.0
36384.257150000005
36390.0
36390.0
36390.0
36395.5
36431.5
36432.0
36400.9222
36465.5
36499.0
36499.0
36499.0
36499.0
36499.9254
36500.0
36387.2511
36500.410875
36388.0023
36499.9989
36498.9977
36350.422643750004
36266.1925125
36240.0001
36166.055278125
36122.615
36350.0
36399.0
36399.0001
36399.0
36398.9989
36399.0
36380.001
36350.0
36325.0
36100.0101
36106.0653
36106.0655
36120.0
36399.9989
36390.7628
36131.0111
36131.0111
36126.0
36200.0
36200.0
36100.0
35950.7579
35914.0102
35914.0102
35914.01005
35914.01
35912.0101
35900.0001
35900.000025
36086.0218
36186.29483984375
35886.758784375
35664.80324140625
35990.0
35989.9999
35989.9999
35989.9999
35997.9961
35999.9967
36148.984975
36149.9594
35760.229
36164.368934375
36179.026
36100.026
36100.026
36002.012149999995
36482.407339941405