29518,3951
29518,3952
29518,4952
29799,44
29544,80894375
29600
29547,1202
29880,8874957031
29601
29601
29601
29601
29601
29601
29601
29625,9746
29601
29601
29601
29601
29601
29601
29601,0004
29641,9109875
29842,74940625
29877
29722,96
29876
29963,1231453125
29980
29980
29700,37645
29582,8011625
29384,777775
29400,15
29341,6328
29313,7250625
29254,5455
29254,5455
29513,5793060547
29257,0223
29499,9474
29499,998725
29500
29500
29499,9974
29499,9975
29499,99875
29500
29500
29500
29500
29500
29500
29500
29517,27275
29534,5455
29542,6308
29639,4755
29803,8837
29642,5511625
29851,10985
29973,2159
29994,3170125
29999
29999,5
30000
30100
30050
30000,6079
30099
29775,105534375
30098,9989
30199,5851478577
30199,5
30099,0026
30199,449725
30100,0037
30224,2498625
30101,002
30101,0045
30248
30248
30248
30026,081515625
29549,0977054687
29662,5136
29900
29960
29960
30222,0664875
30249
30250
30050
30060,0011
30060,00055
30100
30149,9989
30104,99945
30197,1460875
30249,99
30250
29831,2539041992
29999
30157,54053125
30020,353
30272,56685
30302,247525
30303
30303
30303
30303
30324,6703
30345,6269
30396,0366
30396,0388
30658,6140834106
30699
30525,99
30814,14555625
30773,556
30773,556
30736,5205
30600,0088
30600,2099
30758,5088
30758,49945
30758,5
30758,5
30603
30250,503625
30144,8237
30553,0015
30552,978
30552,9545
30552,9556
30552,9545
30498,9966
30222,338
30497,998025
30481,13
30490,0633
30127,836325
30431,38595
30431,8187
30431,82
30431,877125
29977,97335
29890,00018125
29889,81845
29928,0504
29928,2418
30115,4552
30007,14005
30007,14
30112,59325
30313,5622
30444,99435
30549,273146875
30600,8734
30600,835125
30597,5489
30571,2389
30503,21
30533,8589
30572,93945
30671,04
30612,1212
30612,1212
30658,9499
30612,1923
30612,02
30772,9236671875
30613,8291
30613,652875
30612,02
30612,02
30511,2164
30511,2164
30511,2164
30511,3183
30440,965575
30371,2988
30372,5377
30372,7453
30372,7457
30373,6849
30375,2671
30532,0013
30612,02
30612,02
30545,256
30545,133
30545,005
30545
30545,03255
30545
30333
30333,1165
30333,1165
30334
30358,48775
30334,6
30396,95
30401,57
30500,51445
30334,0628
30334,0657
30334,181
30445,9496
30334,18045
30333
30333
30336,575
30330
30336,58
30317,87165
30312,16
30349,05
30411,9989
30431,08
30310,127775
30435,0161
30447,1838
30459,25
30445,76
30543,87
30578,79
30611,3291
30319,9075
30320,0026
30341,002075
30341,2508
30341,7364
30342,2948
30499,9852
30499,9989
30499,99945
30500
30500
30500
30445,9059
30674,1522
30736,2833
30736,4852
30736,4852
30826,7848
30850
30723,43685
30849,9989
30862,5
30759,3424
30719,1337
30728,28055
30728,275
30723,69505
30312,0915702881
30800
30800
30751,3
30751,3
30799,95
30772,215025
30800
30800
30800,9
30859,4288
30752,1351
30529,85
30529,85
30529,85
30524,56
30509,205
30486,89
30524,56
30479,93005
30528,500275
30538,58
30538,58
30492,35
30451
30450,9996
29920,5244054688
30111
30111
30111,34
30111
30450,8956
30450,8956
30450,89
30450,8956
30475,44835
30279,4478
30500
30450,8957
30536,0004
30212,6743
30549,9908
30388
30333,7034
30333,7034
30388
30394,5964
30388,0004
30387,7064
30388,0004
30520,5005
30555,4176375
30394,45055
30072,22750625
30001,0005
30000,9994
30000,9994
30000,9994
30321,0019
30326,52355
30696,4314
30696,4314
30688,261
30500,0011
30500,00055
30500
30495,8667
30391,1
30490,2669
30490,2669
30490,2669
30485
30489,1356
30489,30265
30390
30390
30489,4671
30489,4644
30489,4618
30489,4589
30499,9974
30499,9989
30499,9969
30499,9966
30499,9999
30437,3796
30381,690825
30105,5
30100,00055
30100
30015,49985
30000
29957,793
29915,576
29916
30293,6165
30292,7972
30292,7978
30292,7984
30292,51075
30292,795
29928,5717
30100
30100
30099,9975
30099,9974
30099,9974
30000,0011
30000,0011
30000,0011
30060
30059,9989
29919,29509375
30070,85675
30070,8575
29892,12506875
30027,06
29871,91175
29870
29816,4043
29574,125625
29800
29556
29800
29556,275
29556
29556
29556
29556
29556
29937
29893,3582
29889,6967
29889,6967
29889,6967
29889,0522
29889,0522
29889,0522
29889,6942
29889,0523
29898,930775
29908,8099
29615,1111
29716
29632,7776375
29364,5140654297
29400
29350
29350
29350
29746,77375
29746,8
29746,8
29379,850275
29699,9996
29500
29749,1263
29748,8467125
29749,1288
29749,1294
29749,13
29506,1299
29507
29506,3501
29512,0015
29749,1234
29525
29561,0027
29748,9989
29749,11058125
29749,13
29749,13
29749,13
29749,13
29749,13
29749,13
29749,13
29749,13
29749,13
29749,13
29749,13
29749,13
29749,13
29749,13
29687,37185625
29700,1945
29601
29986,4998625
29720
29730
29901,593
29750,00055
29748,701
29740,0942
29702,0013
29702
29669,2965
29602,0416
29602,0079
29601,0044
29601,00425
29585,00105
29561,4896
29561,49
29520,0001
29520,0001
29520
29520,0001
29640,2563
29520,00055
29640,2563
29640,25945
29640,265
29640,27
29640,27
29580,140275
29723,31
29723,31
29691,89685
29666,9296
29629,17
29629,17
29629,17
29523,31
29680
29737,93685
29737,9374
29856,8774
29800,0109
29550,0011
29644,30035
29525,0012
29525,0012
29525,0001
29570,0606
29599,9989
29523,30945
29500,005
29411,71
29411,7074
29392,97
29392,97
29392,97
29392,97
29350,5354875
29350
29349,9985
29309,2
29330,10775
29330,5455
29330,5455
29330,5455
29330,5455
29330,5455
29330,5455
29300,2359
29300,2056
29300
29302,1426
29439,6663
29439,6687
29439,675
29439,68
29439,68
29439,68
29535,84725
29596,7
29600
29600
29525,000275
29579,9989
29451,0011
29453,00055
29579,9989
29580,53
29779,99545625
29602,0011
29602,0011
29602,0011
29602,00055
29601
29799,9996
29799,99905
29600,25881875
29600,01
29600,0089
29729,9989
29730
29729,99945
29729,9989
29631,9989
29630,9989
29698,14618125
29834,1494875
29713,8996
29515,52
29461,000275
29609,8259
29653,10705
29799,9
29799,9
29522,8928125
29786,5
29786,4999
29755,68
29755,6774
29755,667
29484,0011
29699,9689
29539,9976
29698,9989
29699
29699,7325
29800
29800
29799,999
29800
29800
29700,6911
29700,69
29700,68
29799,9989
29799,9989
29799,99945
29800
29815
29815
29839
29886,2097
29893,1203
29886,216
29893,108
29900
29919,59085
30000,00125
30098,9799
30098,98
30098,98
30050
30050
30049,5
30009,802
30000,0026
29950,0011
29950,0011
29950
29949,9989
29949,9989
29800,007
29702,8011796875
29870
29869,9989
29899,7989
29899,7989
29899,7989
29897,9989
29897,9989
29424,1926499756
29799,9
29799,8989
29480,80975
29799,8989
29799,8989
29799,8989
29799,8989
29799,8989
29799,8989
29799,8989
29799,89945
29799,9
29799,9
29799,9
29799,95
29800
29749,9998
29576,50055
29551,51
29799,9955
29577,6995
29797
29796,9988
29554,0011
29796,9995
29796,9995
29796,9995
29503,5475085937
29659,9974
29401,055275
29649,99945
29401,2409
29401,2409
29605,51
29449,9191
29644,862
29469,0451
29469,0451
29624,2255
29588,1457
29598,1183
29010,0663871192
29111
29333
29332,9989
29271,9027
29326,6060125
29362,8927
29375
29375
29375
29375
29375,422
29376,39845
29375,222
29375,2
29375,2
29375,2
29375,2
29375,2
29375,2
29375,2
29377,3729
29007,2828828125
29377,3749
29377,3715
29004,6333
29268,97
29005,7705
29172,768
29003,2011
29172,648425
29184,07325
29195,4875
29015,22520625
29003
29119,2128
29156,46015
29005,1013
29123,6
29123,5972
29008,118725
29094,92
29026,76
29026,76
29003,8
29006,91
29000,25
29000
28949
28900,26260625
28910,5894
28910,57
28910,57
28910,57
28910,57
28910,57
28910,58
28910,58
28908,79
28957,05
28957,15
28957,1575
28957,15
28957,05
28957,155
28991,24
28991,24
28999,7999
28999,7999
28999,7999
28999,8999
28999,99995
29000
29000
29000
29000
29000
28974,595
28957,953125
28953,26
28900
28850,2004
28849,7974
28848,7166
28808,17
28808,17
28800
28749
28705,18
28706,1
28700,01
28700,01
28700,01
28700,01
28700,01
28788,72
28788,72
28801
28726,768
28701,2
28700,505
28709,1874
28700,41
28700,11
28700,01
28709,0874
28700,41
28844,7214046875
28887,9989
28888
28936,985
29016,68015
29028,45
29009,9
29009,9
28951,1891
28921,9459
28896,80715625
28888,2001
28888,2001
28888,01
28888,01
28888,01
28888,001
28887,9989
28887,9989
28887,9989
28887,9978
28887,9978
28886
28887,99835
28992
28989,9899
28996
28993,99
28989,99
28962,9296
28809,64
28751,4022
28750,57548125
28700,525
28741,1796
28741,1796
28705,36
28741,1796
28741,1796
28712
28741,1795
28741,1795
28741,17
28665,77045
28567,99995
28520,9566
28520,9566
28631,01325
28741,0698
28501,4809
28501,3809
28501,3809
28501,37
28500,315496875
28412,0004
28500,7213375
28636,04475
28757,04
28421,90255
28757,0394
28421,6961
28421,3632
28421,3629
28802,41195
28861,1751
28808,2104
28866,2059
28866,2059
28866,2059
28866,2059
28866,2059
28866,30685
28866,4078
29042,601084375
28822,2122
28872,7333
29048,9889
28908,887925
28931,6311
29092,0738371094
29097,9899
29097,995
29099
29000,4033
29265,6945019531
29188,78
29090,712475
29045,655275
29179,9398
29000,60165
29000,3022
29155,84825
28990,175825
28980
28980
28980
28980
28980
28948,78555
28890,75965
28900,1
28946,09
28900,1
28946,0899
28946,0798
28825,55175
28936,9949
28821,197534375
28821,01
28811,61
28808,41
28783,9074
28839,7768
28839,7767
28604,00055
28839,737
28800
28800
28602
28801,1494
28799,9999
28600
28601,0001
28590,7886125
28450
28421,495775
28416
28459,21
28529,368675
28898,35065
28627,85
28884,99
28700,4062
28700,3549625
28650
28701,0104
28799,99945
28815,080725
28801,642025
28896,8888
28810
28850
28906,818425
28920,026275
28920,4
28920,2
28921,3706
28923,6436
28923,8444
28936,294
28936,4944
28920,175
28936,3685
28920,6
28920,4
28920,15
28931,7568
28920
28920
28920
28920
28801,7423
28801,7423
28802
28834,6799
28833,8654
28834,6799
28834,6799
28835,4854
28835,4843
28835,031825
28801,7287
28754,6799
28701
28650,5
28630
28569,9132875
28511
28500,0001
28500
28500
28403,6505574219
28398,31
28398,1998
28391,5001
28341,9394
28398,13825
28398,1376
28398,12
28300,01
28300,0111
28300,01
28300,0002
28300,0002
28299,9974
28299
28298,9999
28256,14
28298,9999
28298,9799
28298,9799
28434,0183992188
28298,9346
28225,8412
28240
28298,95
28298,96
28298,96
28350,0011
28509,9199
28350,000275
28349,9676
28131,41983125
28110
28101,87505
28081,76
28243,8565
28321,01015
28358,33425
28366,66745
28386,67055
28499,9789
28499,984725
28362,0011
28362
28361,25
28299,94
28287,882
28360,9120375
28361,25
28401,0335
28427,0436
28426,9436
28404,6567
28335,36055
28335,36
28426,7218
28426,7063
28313,5165
28426,63975
28525,917
28526,917675
28720,967625
28749,9899
28748,6524
28620,3504
28748,6525
28740
28744,32625
28729
28728,86
28749,32625
28750
28819,95
28820
28820
28827,7427
28835,4854
28835,4854
28835,4854
28948,8645547852
28972,86
28988,12215
29022,4825
29035,6588
29041,938765625
29047,8245
29116,2019
29402,3952089355
29111,2011
29111,4
29111,2
29111
29116,86
29116,8604
29157,97
29227,5948
29227,6448
29158,3263
29299,9789
29200,0011
29200,00055
29274,905
29274,905
29179,674453125
29158,9737
29158,7726
29158,7726
29158,1626
29039,3346
29039,1312
29022,89
29022,79
28932,6025
28932,600925
28932,6
28932,5963
28932,5926
29022,5878
29022,5889
29086,9413
29154,734753125
29158,17
29158,57185
29200
29168,51
29200,5261
29183,3575
29182,77375
29147,4215375
28569,1086197266
29113,0511
29133,285
29117,85
29083,785275
29179,69835
29215,15275
29240,1375
28947,5911
29013,97
29119,5901
29119,5901
29239,5785
28901
29036,299575
29068,5525
28900
28900,0011
28900,005275
28700
28671,79
28388,1137263672
28320,15525
28627,994
28715,7224212891
28451,15925
28321,3822611328
28225,0612625
28200,6696
28150
28078,7025625
28039
28219,20905
28221,20975
28223,2099
28324,4794171875
28342,805
28345,29
28347,77
28347,77
28500
28423,31
28259,6939875
28259,242
28478,2673625
28524,2996
28499,9891
28099,39055
28062,3575
28050,01
28050
28036,73
28036,73
27999,541759375
27900
27991,0773625
27903,98
27900,00055
27857,5869
27831,1
27831,1
27831,0999
27831,0999
27921,19495
27892,7288
27724,392290625
27777,2727
28010,3113171875
27725,3011
27670
27850,07
27615,7261671875
27842,3274
27801,53
27843,7499
27843,7478
27843,7478
27732,94
27732,93935
27732,9399
27615,2804625
27790,9876
27777,9277
28054,042475
28035,5699
28101,3999
28267,2674875
28399,9795
27962,45055
27962,441
27962,441
27962,441
27962,441
27887,7205
27813
27813
27605,548959375
27600,12815
27599,9989
27599,9989
27599
27599
27599
27599
27599
28375,627
28356,627
27751
27760
27751
27777,5
27777,5
28185,77445
28183,7599
28000
28000,09
28000,0915
27750
28175,94065
27750,0004
27750,0004
27750,0004
27750
27750,0004
27828,13
28148,9849
28091,9474
27751,00055
27751,00055
27751
27751
27751
27750
27750
27750
27750
27750
27558,879325
27500,64453125
27483,8866
27406,3382
27400,01
27400,01
27400,01
27400
27400,01
27400,01
27400,01
27400,01
27400,01
27400,01
27400,01
27400,0075
27400,0075
27400,00875
27400,01
27400
27400,01
27400
27400,01
27406,3382
27400,00625
27400,0025
27400,01
27400,5
27406,3382
27480,133
27480,133
27482,11945
27407,0011
27407,00055
27407,0011
27407,0011
27407,0011
27407,00055
27407
27407
27407
27400
27400
27376,011
27376
27397,9999
27397,9999
27338,0055
27300
27300
27300
27300,005
27301
27301
27301
27397,62368125
27482,12
27494,70188125
27308,0011
27308,001
27499,9899
27499,9896
27311,0101
27311,0102
27311,0101
27303,9690765625
27300
27311,0101
27281,5458
27248,99
27270,0072
27213,490275
27221,99995
27270,0072
27270,0072
27219,37
27229,9999
27214,99995
27250,0036
27270,0073
27292,57
27384,9937
27337,32
27381,9937
27374,9933
27310,491
27359,9999
27347,9975
27200
27219,9999
27217,9997
27217,9996
27217,9995
27217,9994
27217,9993
27217,9992
27200,00055
27340,9893
27339,9892
27339,9819
27340,745175
27341
27399
27399
27300,0001
27450
27500
27569,995
27898,801875
27501,2952
27874,9999
27873,49995
27900
27900,1012
27900,05005
27900
27900
27900,1011
27900,00005
27570,594
27900,0345
27620,6599
27620,7796
27620,7796
27620,7785
27528,0101
27528,0101
27620,7785
27620,7785
27620,7781
27620,6424
27530,00055
27620,6289
27620,6001
27610
27610
27610
27530
27614,009075
27877,4907875
27879,9979
27879,998
27879,998
27632,0035
27632,0047
27879,99745
27879,998
27879,99745
27879,998
27879,998
27879,998
27700
27879,998
27879,998
27879,998
27879,998
27879,998
27879,998
27880
27987,25
27880,0004
27999,9989
28000
27999,5
27880,0028
27709,2005625
27655,112
27661,492
27993,9889
27993,9989
27996,999725
28000
28000
27999,679
27999,8395
28000
28105,625
28200
28300
28200,0011
28299,99945
28200,0011
28200,0023
28324,999725
28152,77455
28385,9989
28385,99
28330
28330
28155,4323
28154,7782
28329,9989
28249,9989
28249,9989
28312,5106
28387,49743125
28469,9995
28500
28518,11945
28550,8133
28550
28269,1272875
28175,01
28280
28221,0011
28221,0011
28221,0011
28223
28364,2916
28362,6441
28362,6441
28362,6452
28268,0023
28353,8821
28353,8821
28353,881
28381,03895
28381,0395
28245,4586125
28379,8978
28231,0236
28231,0236
28231,0225
28379,8978
28379,8978
28225,0057625
28222,00055
28171,79118125
28287,8108
28153,468
28157,00815
28166,0042
28199
28199
28268,504
28179
28360,099190625
28391,8013625
28402,94135
28407
28407
28407
28410
28410,0011
28410,2022
28410,100825
28546,444675
28308,9904
28550,31325
28578,623021875
28696,115475
28425,5734
28700
28459,2980625
28718,598
28829,1594
28996,7577875
29042,6316
29083,91
28800,0001
28800,0001
28668,56975
28703,6149
29074,99945
28704,6079
28705,3093
28707,2768
28704,643175
28708
28708,2315
28708,01
28944,3861
28711,505
28708,0105
28926,2816
28925,2855
28700
28703
28871,3458
28700
28651,0001
28651
28651
28777,3294
28688,82625
28755,42605
28755,0515
28770,9999
28800,00055
29103,51163125
29119,9964
28904,039
29119,9888
28904,3421
29119,9687
28905,3364
28817,01
28817,01
28802
28802
28637,5000125
28601,0012
28601,119
28624,7663
28601,119
28600,5595
28588,4679
28568
28645,8063
28568,0011
28568,00055
28499,4099
28502,4107
28599,37945
28504,42055
28599,3789
28505,0011
28597,36805
28575
28501,4798
28500,20495
28484,7159
28410,038575
28039,4328442524
28290,8681
28100
27988,434
27956,3504
28231,6243
28230,7108
28227,7766
28050
28014,5876
27998,9118
27971,62005
27948,21485
28145,4893760986
28142,97
28000,0011
28005,1434
28140,30995
28145,5449
28145,5449
28145,5449
28165,7853
28280,99945
28201,00055
28263
28262,9999
28201
28201
28201
28201
28262,8888
28170,9302
28262,88825
28265
28292,35065
28313,0008
28317,2026
28317,8074
28317,3774625
28229,8
28350
28427,2335453125
28434,94538125
28517,6971
28599,38
28599,3796
28597,9996
28433,62045
28590
28519,2111
28519,2111
28519,2111
28555,56655
28591,9209
28591,9209
28448,8276625
28431
28427,3042
28427,3042
28427,3031
28424,3
28425,0077
28202,01055
28201
28202
28201
28179,719
28174,8595
28170
28170,0004
28180,0104
28173,0004
28264,6164
28264,6117
28264,6387
28199
28170,0113
28170,0117
28170,0117
28256,2146
28170
28054
28179,4101
28249,9989
28250
28250
28322
28360,5
28398,9974
28286,8648
28286,8648
28286,8648
28286,88175
28227,9526
28207,52
28207,52
28207,52
28068,072875
28022,25
28398,97945
28003,69695
28398,9984
28391,9991
28034,0691
28102,6831
28102,68255
28051,341
28008,2009
28348,9989
28249,5
28112,0011
28225,50035
28120,00425
28124,0009
28124,0009
28112
28115,01
28115,01
28058,00045
28002,03545
28001,00275
28000
28000,124
28000
28000
27900,0009
27796,3348
27780,112
27725
27739,07
27788,45
27788,44945
27788,45
27788,46995
27788,4799
27788,4795
27795,94
27640,6344042969
27560,9569703125
27527,51125
27500
27382,38125
27350,1195
27579,1889
27630,21991875
27650,35
27501,0903
27722,57995
27795,31
27796,315
27796,32
27796,32
27796,3274
27650,85195
27653,8529
27602,06995
27551,3704
27553,3704
27558,272
27558,5085
27558,5085
27793,3337
27937,1233476562
28061,1999
27673,4957
28150,86140625
27802,00135
28088,494725
27895,3966
27900,0011
27900,0052
27900
28069,9745
27902,0004
28385,77175625
28400
28426,1665
28260,4
28260,6022
28500,3801
28260,8111
28660,7492596802
28439,8441
28700
28652,41
28825,488425
28859,7891
28859,7891
28859,7891
28820,7521625
28888
28894,5
28969,449325
28998
28998
28998
28998
28998
28998
28998
28463,0312
28800
28475
28507,05
28507,0512
28507,0512
28507,0523
28507,05
28500,0011
28500,0011
28906,7898625
28500,0016
28550,0411
28492,0504
28492,0504
28492,0504
28550,0411
28898,9996
28495,0727
28495,0727
28498,0765
28492,08505
28492,08055
28744,287
28744,2881
28475,0011
28589,2184
28443,013
28443,013
28443,013
28451,0011
28633,0844
28450,02055
28633,0889
28450,01815
28633,0889
28450,0111
28450,01
28450,0005
28450
28450
28499,9998
28443,0004
28444,7555
28644,9989
28644,9989
28644
28722
28837,5
28875
28780,00055
28780
28550,0008
28874,9878
28620,7196
28620,7196
28620,7185
28869,9989
28869,9996
28604,24075
28698,9989
28698,9989
28698,9989
28698,9989
28698,9989
28698,9989
28698,9989
28698,9989
28784,499525
28610,3902
28617,7427
28617,7427
28869,4445
28614,59295
28869,9989
28869
28871,999725
28875
28875
28949
28949
28949
28998
28999,75
29184,822346875
29249
29274,7952
29274,9007
29275,2069
29294,096178125
29300,3259109375
29317,0008
29356,3225945313
29377,43995
29378,8787
29400
29403,305375
29420,20798125
29473,690425
29483,1277
29483,1325
29538,3063705078
29547,3097
29576,85124375
29658,4881
29696,0587
29619,935
29619,935
29619,935
29683,5828
29683,5828
29683,5828
29683,5828
29683,5828
29683,5828
29682,5
29619,935
29691,25
29622,935
29622,9361
29622,9361
29726,9988
29650,0011
29650
29650
29650
29650
29650
29650
29650
29650
29650
29650
29650
29619,935
29620,1354
29621
29621,2
29620,33313125
29619,935
29620,085
29619,9352
29550
29548,75485
29533,33825
29483,1277
29375,7756375
29022,131259375
28876,47
29340
29339,9989
29339,9989
29339,9989
29339,9989
29339,9989
29339,9989
29329,99945
29330
29330
29335
29440,1924
29060,594275
29060,594
29060,594
29060,594
29060,594
29061,423
29016,7518460937
29352,4954
29530,4014
29500
29499,9989
29499,3399
29511,4247
29499,0608
29499,0608
29511,1204
29531,83295
29540,4859
29540,4859
29570,24295
29600
29600
29735,275890332
29738,6155
29738,6155
29767,338940625
29874,2729875
29550,3176
29827,141
29551,0011
29601,2022
29562,8640851563
29560,01
29562
29575
29575
29551,2011
29572
29573,232
29574,464
29574,464
29574,464
29574,464
29574,464
29574,464
29574,464
29574,464
29574,464
29574,464
29574,464
29574,57
29574,9
29574,9
29574,95
29617
29552,1
29552,2
29552,2
29552,2
29552,2
29552,2
29552,2
29656,0063
29654,774
29654,7729
29654,4659
29527,9190664062
29505,0001
29505,0001
29505,0001
29505,0001
29505,0001
29505,0001
29505,0001
29505,0001
29505,0001
29505,0001
29505,0001
29505
29505
29504,4557
29221,0810091797
29202,5
29302,99945
29303
29300,500025
29300,0004
29251,5051
29303
29300,0004
29300,0004
29300,0004
29303
29204,00055
29204
29302,99945
29204,0011
29302,9989
29302,9989
29302,9989
29302,99945
29350
29203,0211
29349,505275
29398,9989
29398,9989
29210,00055
29210,01
29396,0053
29396,0042
29399
29399
29399
29396,3424
29396,3423
29211,612
29302,4996
29394,9992
29391,9992
29394,998
29394,9992
29399
29498,49
29503,2151
29500,2022
29500,20165
29451,575475
29598
29502,9093
29502,9093
29404
29404
29404
29404
29404
29453,45465
29597,99
29597,9889
29597,9889
29597,9889
29597,99
29597,99
29597,99
29597,99
29597,99
29597,99
29597,9889
29598,495
29599
29599
29599
29599
29599
29599
29599
29599
29599
29599
29599
29598,9
29617,2366625
29659
29668,4009
29668,9034
29669,5063
29669,70715
29683,815825
29659,7
29659,6
29659,6
29659,6
29659,6
29659,6
29659,6
29659,4
29659,4
29659,4
29659,4
29659,2
29659,2
29659,3
29659,1375
29659,6
29701,7005
29709,9995
29262,5067081421
29520,9232
29521,0236
29521,0236
29521,02
29615,51045
29401,3872
29253,60725
29253,6067
29631,6947
29598,9362
29474,7299
29498,7536
29496,7531
29496,494
29496,494
29496,4929
29496,2034
29495,91
29495,9089
29495,9089
29635,806
29638,806
29770,1915
29999,5564117915
30000,05
30000,1
30000,1
30000,1
29652,3397
30012,07375
30000
30000
30000,0244
30000,2244
30000,2244
30000,2002
30000,0001
29710,07825
29893,2357
29711,70015
29428,3485586182
29737,6117
29717,9989
29717,9974
29475,334
29756
29756
29480,3671
29480,366
29617,68355
29755,9999
29756,80065
29757,0372
29757,0372
29757,0372
29757,5622
29618,0468203125
29500
29758,0451
29500
29500,596
29500,149275
29398,19865625
29598,3773
29598,3773
29597,9112
29597,91175
29597,4902
29757,2113
29756,0655
29755,5997
29755,0138
29755,5992
29755,5996
29755,59935
29755,5996
29755,4996
29755,4996
29755,4996
29755,7116
29755,8236
29682,3498
29755,8236
29610
29755,8236
29755,7232
29755,7232
29755,7232
29615,0023
29755,7217
29615,0023
29749,9989
29749,9989
29749,9974
29638,3
29610,9001875
29598,8623578125
29561,96
29500,2
29533,92
29616,1996
29594,3837
29571,3874
29571,3874
29571,3874
29571,3874
29571,3874
29569,9996
29569,9996
29500,300275
29485,37925
29450
29450
29345,0038
29449,9
29449,9
29449,95
29345,0034
29449,9984
29449,9969
29449,9958
29311,740834375
29449,8977
29449,895
29449,89495
29449,8977
29449,8977
29304,6091
29299,6015
29299,6004
29299,402
29299,1502
29256,7778875
29253,2011
29220
29132,20565
29102,72855
29216,7555
29216,7555
29216,7555
29216,7555
29216,7555
29216,75605
29216,7566
29216,80775
29307,215
29370,2139
29214,2064
29370,31485
29370,669425
29371,0001
29371
29327,4634
29395,2589
29447,9996
29447,9992
29450
29449,9995
29449,9983
29447,9991
29445,9991
29447,9995
29449,9999
29437,499975
29369,5111
29462,5831
29462,5831
29481,29155
29500
29499
29534,3092
29569,9996
29450,0024
29569,9984
29713,6227597656
29571,9996
29719,6989
29692,0289
29719,69945
29719,6996
29719,7
29719,8079
29724,44208125
29727,6369
29755,61
29755,16
29755,01
29755,95
29756
29755,61
29755,16
29755,01
29755,01
29661,94925
29680,5
29619,202
29604,2
29650
29676,2137
29650
29611,359
29611,359
29603,69905
29623,62715
29723,3603625
29570,429812207
29499
29499
29419,7
29419,7
29410,60315
29410
29419,6
29419,6
29420,15
29528,6478
29441,7311
29424,346
29536,11714375
29548,9989
29548,9989
29547,9989
29547,99945
29548
29424,9482
29547,99945
29555,205
29424,9482
29424,9482
29424,6964125
29420
29415,4499625
29410
29410,435
29386,62525
29332,4554625
29315,7026
29306,3527
29293,53
29260,20055
29214,4075
29209,92
29209,92
29186,005
29191
29190
29117,0108703125
29214
29112
29193
29212,89835
29212,8989
29243,78
29243,78
29240,89
29241,77
29241,77
29213,3989
29213,1989
29132,38
29111
29120,5
29111
29105,72855
29086,13
29011,1111
29011,1111
29084,0289
29050,0012
29050,0012
29059,206
29091,514725
29099
29130,9999
29130,9999
29130,9999
29130,9999
29113
29113
29130,9999
29113
29247,77495
29248,9095
29295
29295,5112
29308,60435
29329,9513
29330,1521
29331,2651
29335
29367,185
29367,2019
29367,2
29367,2019
29382,52
29387,2808
29411,88
29411,8799
29391,329975
29382,14
29370,6
29331,5444
29245,2325
29322,83
29226,6411
29226,6411
29365,3554
29365,3566
29365,3566
29377,2867875
29257,9861
29402,7589
29402,7589
29402,7589
29402,7589
29417,4008
29417,6016
29417,4976
29424
29445,1761
29445,47955
29341,5737
29446,5265
29447,4719
29480,293040625
29497,8327
29448,0973
29508,53645
29505
29505
29505
29510
29510
29505,2004
29505,202
29505,2036
29505,2004
29505,202
29507,204
29510
29586,22214375
29600
29599,9996
29600
29600
29600
29599,9996
29318,8708295689
29438,0387
29441,8647
29441,8647
29334,88
29441,8647
29441,7636
29442,9785625
29375,9682
29455,5962625
29416,98
29455
29424,4981
29504,6578125
29550
29550
29540
29443,2139
29443,2168
29539,9989
29480,8061
29539,9989
29539,9989
29478,4891
29417,284
29503,18985
29417,5084
29526,5715
29559,392575
29600
29418,0015
29418,7001
29599,1
29599,949375
29514,55025
29431,0244
29431,0245
29431,0245
29431,0245
29594,8849
29500,0015
29599,8988
29599,1
29599,1
29599,0999
29599,0004
29694,9174351563
29599,0004
29697,9989
29698
29697,95
29692,8988
29650,1
29650
29650
29650
29599,219721875
29430,542
29653,339
29440,8289
29515,59
29440,8313
29515,5999
29515,5999
29634,3899
29641,2798
29579,9999
29539,7548
29441,2654
29619,86895
29441,275
29604,8492
29583,24
29583,24
29583,24
29583,24
29583,24
29583,24
29583,24
29583,24
29512,26885
29441,2977
29444,3133
29494,3031
29456,6619
29494,3031
29490
29490
29494,3031
29494,3067
29628,89945
29505,6711
29505,6711
29505,6711
29502,6701
29503,6711
29504,6711
29502,6701
29505,6711
29505,6711
29685,783353125
29699,333
29680
29689,6658
29716,791546875
29763,2390271484
29784,9006
29800
29800
29828,137725
29893,7937109375
29900
29879,51
29798,19395
29815,7704
29815,7704
29815,7704
29815,77
29728,3075
29815,77
29815,77
29815,6704
29815,6704
29815,7204
29815,7704
29773,297540625
29879,9985
29879,9996
29879,9996
29882,4841
29882,5841
29886,29205
29888
29880,1996
29888,975
29895
29945,4045226563
29949,1804
29993
29993
30045,4604765625
30094,2550351562
29957,615275
30100
29955,1408
29955,1408
30000,12465
30079,9996
29970,011225
29960
29990
29990
29980,1
29980,1
29952,72385
29950
29949,7465
30019,9989
29949,4941
29870,6868125
29989,9989
29989,9989
29989,9989
29989,9989
29989,9995
29990
29990
29989,9988
29989,9988
29889,9999
29989,98895
29889,9999
29889,99935
29889,9988
29889,9999
29889,9999
29889,9999
29889,9999
29889,99935
29889,9988
29890,0004
29988,9877
29988,9877
29988,9877
29988,9877
29988,9878
29988,9877
29988
29988,9878
29988
29988
29900,0011
29988,9867
29988,9867
29988,98575
29988,98
29914,9999
29910,001
29910,001
29910,001
29910,001
29910,001
29920,0003
29919,9999
29919,9999
29919,9999
29920,0003
29919,9999
