37097.999725
37099.99995
37150.0
37150.0
37150.0
37150.0
37409.78936875
37104.0542
37105.0016
37105.3385
37105.3386
37463.0624046875
37119.3728
37498.906243749996
37150.0011
37500.4998625
37500.0
37499.0
37499.0187
37300.0011
37310.0011
37303.0
37536.3546
37302.0027
37302.0016
37608.6334640625
37325.2705
37325.5683
37370.0005
37370.0005
37370.0005
37621.0
37354.0
37319.392625
37301.0005
37673.840337500005
37301.026750000005
37684.993
37303.382
37303.191
37243.036443749996
37499.9989
37200.5023
37200.5023
37200.5012
37200.5023
37200.5023
37479.9977
37286.00055
37285.4287
37382.7138
37240.2443
37223.13493125
37589.9947
37200.0006
37497.5
37202.148499999996
37202.1365
37202.0
37202.0
37202.0
37202.1365
37202.0
37202.0
37202.0
37066.25286699219
36977.36505
37084.6
37084.9389
37151.0005
37289.99945
37270.6053
37486.3944359375
37407.7106
37505.5189
37505.51945
37540.0
37540.0
37540.0
37677.545443457035
37720.0
37710.0
37710.0
37710.0
37728.708249999996
37699.801600000006
37742.4165
37888.2349
37896.9983
37742.573749999996
37721.098249999995
37799.99945
37848.9987
37760.0011
37760.00055
37660.1901
37660.189
37558.1612
37660.189549999996
37660.1901
37660.1901
37842.9971
37700.0011
37750.0
37740.015275
37740.005000000005
37740.0
37479.8001375
37260.0932
37360.8
37245.6126
37101.033225
37061.1195
37125.227849999996
37156.9
37030.1309
37005.250062499996
36970.63
36951.0004375
36950.0
36950.0
36950.0
36950.0
36950.0
36950.0
36950.0
37090.037
37090.0365
36950.0011
36950.0
36950.0
36950.0
36950.0
37020.00025
36952.0
37089.948525
36950.0016
37089.9499
37089.9299
37089.9288
37089.9196375
37150.0
37250.0
37250.0011
37253.0011
37350.0
37664.9865
37664.9865
37664.981
36959.014275
36826.515675
36709.09987910156
36521.8889859375
36501.25
36500.45
36550.0
36550.0
36550.0
36550.0
36550.0
36550.0
36550.0
36535.2485
36500.003375
36401.90625
36350.0
36321.25625
36301.0
36301.02475
36300.52475
36399.9964
36245.9988
36245.9999
36246.1555
36246.156050000005
36246.07635
36245.1
36211.0
36245.1
36322.54935
36211.0
36344.9988
36191.005625
36177.7777
36177.861300000004
36177.7777
36177.9009
36177.9009
36337.4845625
36177.9057
36177.9084
36349.9789
36177.902
36177.9015
36177.83932499999
36177.7777
36177.8638
36177.7777
36177.7777
36004.7763078125
36347.909725000005
36000.3501
36000.3501
36290.0
36000.3501
36000.3501
36000.349
36000.0005
36000.0005
36000.0005
36000.0
36000.0
36000.0001
36000.0005
36000.34
36000.4798
36269.9997125
36513.49
36513.49
36200.0011
36200.0011
36200.0011
36513.4889
36200.0011
36200.0011
36200.00085
36250.00055
36251.0
36250.0
36250.0005
36260.0
36260.0
36270.0
36270.0
36270.0
36270.0006
36270.0005
36280.12175
36290.0
36330.0005
36360.0
36360.0
36360.0
36360.0
36360.0005
36370.0
36513.49
36513.49
36513.49
36195.112025
36050.0
36000.0
35850.247225
35752.75
35725.03525
35712.5
35604.5455
35604.5455
35600.035325000004
35600.002250000005
35604.5455
35600.0
35612.179950000005
35603.4005
35795.4545
35795.4545
35795.4545
35600.00115
35603.8605
35795.226975
35757.36975
35755.140849999996
35797.9989
35767.0
36009.99945
35952.73
36010.0
36356.019075000004
36410.919949999996
36010.8712
36012.0
36012.00055
36011.555
35841.3407
35850.0
35850.0
35900.0
35899.9995
35850.0
35738.5
35701.0995
35899.9927
35899.98835
35708.61020625
35700.0
35700.575
35700.0
35700.0452
35700.0
35700.0
35670.58
35683.75
35670.58
35670.58
35729.26
35670.58
35670.58
35670.58
35601.9508125
35503.125
35314.0
35053.774678125
35000.790318750005
35000.01
35000.01
35000.01
35000.01005
35101.18
35101.0
35101.0
35050.25005
35099.122
35000.0
35010.0
34940.2
34917.1115
34916.93
35097.1484
35099.1642
35279.0
35106.8355
35106.8344
35106.6605
35277.5207
35150.0
35150.0
35276.89
35277.14865
35277.15
35188.5739
35277.1489
35289.017525
35387.345925
35251.0011
35251.0
35250.0771
35399.9919
35250.0782
35250.0782
35132.53855
34980.0
34958.464403125006
34745.0565625
34673.7332
34673.58
34673.5804
34660.50655
34643.968349999996
34713.239825
34726.6565
34726.6565
34644.26005
34688.0
34880.9792
34688.1952
34688.1952
34688.194650000005
34670.86705
34568.970325
34484.641671875
34750.2804875
34800.0
34800.0
34800.0
34800.0345
34444.0011
34461.22275
34360.41185625
34363.6364
34363.6364
34352.76
34368.4087
34373.181
34583.58885
34793.9967
34793.9956
34556.997
34340.725
34340.39805
34341.2291
34341.2291
34340.64955
34340.07
34340.07
34340.07
34340.07
34211.855731250005
34354.2305
34744.205575
34400.0016
34407.41055
34706.4388
34706.43815
34706.4
34706.4
34617.22
34619.22055
34706.3989
34706.3989
34706.3989
34706.3989
34706.3989
34650.0
34640.0
34619.22
34617.22
34640.0
34617.22
34640.0
34640.0
34640.0
34640.0
34640.0
34640.0
34640.0
34698.7525
34706.439450000005
34706.44
34706.44
34706.44
34706.44
34706.44
34706.44
34663.22055
34780.8699
34780.8699
34780.8688
34780.8688
34780.8688
34780.8687
34785.6396875
34790.41
34790.41
34790.41
34794.705
34799.0
34799.0
34800.0
34801.0
34801.0
34801.0
34801.0
34958.240000000005
35001.0011
35161.8106625
35241.0546
35330.96995
35315.48495
35300.0
35325.97
35300.0
35200.0011
35200.00055
35325.9689
35325.9689
35200.00055
35200.0
35200.0
35200.0
35199.9989
35199.9977
35199.998250000004
35100.0031
35239.9989
35200.0
35240.0
35244.0
35336.8561
35336.86455
35102.001
35108.0
35200.00055
35200.0
35222.0
35336.8545
35223.0
35095.000075
34954.54
35000.0
35248.9989
35100.0
35100.0
35100.0
35391.179302539065
35400.0
35387.474725
35492.486803125
35390.0
35390.0
35390.0
35390.0
35394.5
35490.0
35490.0
35490.0
35490.0
35490.0
35490.0
35490.0
35490.0
35490.0
35490.0
35499.6613
35499.6613
35499.6613
35499.6613
35499.6613
35499.6613
35499.6613
35499.6613
35499.6613
35499.6613
35495.0
35495.0
35492.0
35490.00485
35499.6613
35490.0197
35490.01
35490.01
35499.6613
35500.0
35671.556975
35777.0
35983.28433476562
35777.0011
35729.000275
35711.9993
35716.999599999996
35666.0
35711.9994
35887.7584
35624.99985
36048.460278125
36091.2712
36091.2711
36077.68
35855.928425
35855.8568
35855.8563
35855.8563
35855.8563
35855.8563
35855.8563
35898.9984
35855.8563
35721.0
35808.6913
35721.00055
35669.16
35620.0
35540.25
35490.0
35497.0015
35999.99945
35800.0
35800.0059
35825.00055
36251.45990351563
35738.1086
35744.32
35753.5748
35751.9619
35734.761
35735.292
35983.7335
35957.0116
36289.4722
36287.4518
36295.7613125
36300.0
36319.9999
36191.0029
36320.0
36208.031
36220.0
36319.9989
36310.0
36319.9989
36326.5643375
36387.595
36319.24
36310.0
36350.0
36350.0
36412.949524999996
36351.4012
36435.285950000005
36439.5719
36450.0
36351.4211
36351.4235
36351.4235
36351.4235
36351.4235
36351.4235
36351.4201
36351.42005
36351.42
36460.79755
36351.42005
36351.42
36310.0
36444.9999
36445.0
36444.9989
36310.010550000006
36310.01
36310.01
36310.01
36457.9925
36459.9989
36310.0123
36454.975049999994
36457.9784
36310.0011
36359.99
36202.710525
36142.44
36145.47
36145.0011
36145.0011
36100.5554
36095.4299
36095.4299
36100.5554
36128.8885
36359.9879
36250.0036
36250.0025
36250.003
36360.4973875
36468.59505625001
36470.23
36470.23
36470.23655
36500.0
36404.0901
36500.0
36500.0
36540.5
36550.0
36588.02
36588.0156
36724.90099375
36800.0
36822.1735
36811.08675
36800.0
36800.0
36800.0
36800.0
36830.615000000005
36800.0
36800.0
36800.0
36800.0
36800.0
36800.0
36800.0
36700.0
36700.0
36700.0
36700.0
36700.0
36666.0
36555.0
36555.0
36555.0
36331.52
36331.52
36335.0
36335.0
36331.52
36331.52
36331.52
36265.759999999995
36005.377
36309.09
36001.1448125
36329.497124999994
36001.1739
36291.3541625
36120.1997
36120.1997
36018.07816875
36000.0
36000.0
35964.0
35647.180559960936
35678.8234
36062.9995
35633.81113125
35868.9989
35614.1276
35700.0
35614.0012
35699.9989
35699.98
35699.9789
35699.9789
35698.0
35699.98
35699.99
35614.0883
35699.989449999994
35614.0883
35614.0872
35696.9989
35533.2997
35534.1648
35691.9576
35691.9599
35848.9984
35625.0
35691.9599
35691.96045
35874.0
35599.92505
35750.0
35750.0
35845.8575
35610.2301
35850.10265
35880.0
36089.975
35888.0
35888.00055
36195.9489
36026.68
36011.00055
36096.94425
36011.0006
36190.9765
36150.9355
36011.01065
35973.6163375
35833.469025
35724.3255
35963.07
35963.07
35963.0705
35963.0705
36107.73005
36046.5505
36105.3705
36109.2038
36105.3717
36137.503450000004
35987.7044
35987.7081
35954.2477
35854.030549999996
35982.66935
36138.102
36138.102
36138.4305
36033.0228
36033.0218
36054.0
36138.429950000005
36193.47445
36195.9489
36315.682
36152.4528
36200.0
36200.0
36283.4474
36283.6644
36283.6644
36283.6644
36283.6644
36318.16558085938
36343.475525
36355.7869
36306.6
36367.0
36306.6
36306.6003
36366.9888
36366.99
36366.994999999995
36367.0
36367.0
36384.257150000005
36390.0
36390.0
36390.0
36395.5
36431.5
36432.0
36400.9222
36465.5
36499.0
36499.0
36499.0
36499.0
36499.9254
36500.0
36387.2511
36500.410875
36388.0023
36499.9989
36498.9977
36350.422643750004
36266.1925125
36240.0001
36166.055278125
36122.615
36350.0
36399.0
36399.0001
36399.0
36398.9989
36399.0
36380.001
36350.0
36325.0
36100.0101
36106.0653
36106.0655
36120.0
36399.9989
36390.7628
36131.0111
36131.0111
36126.0
36200.0
36200.0
36100.0
35950.7579
35914.0102
35914.0102
35914.01005
35914.01
35912.0101
35900.0001
35900.000025
36086.0218
36186.29483984375
35886.758784375
35664.80324140625
35990.0
35989.9999
35989.9999
35989.9999
35997.9961
35999.9967
36148.984975
36149.9594
35760.229
36164.368934375
36179.026
36100.026
36100.026
36002.012149999995
36482.407339941405
36074.9642
36074.4172
36070.0
36068.1224
36069.7528
36069.2528
36069.7528
36068.2018
36062.947
36069.5498
36061.2965
36061.2964
36021.2813
36021.2814
35915.6712
35944.0
35815.217753125
35800.0
35800.0
35800.0
35800.0
35800.0
35800.0
35779.0311
35789.51555
35779.0411
35779.020300000004
35796.6795
35779.02015
35779.014325
35779.01735
35690.508325
35791.5463
35791.5452
35777.158
35685.36585
35601.0
35560.0393
35555.0
35559.3583
35501.029200000004
35491.0
35367.3266
35304.4575
35230.0001
35230.0
35287.8634
35296.4658625
35299.99
35299.99
35299.9895
35232.0
35299.994999999995
35300.0
35300.0
35299.9995
35251.455050000004
35241.0125
35232.0
35231.0
35230.0
35230.0
35277.2
35230.07
35225.000006250004
35138.4363
34969.845034375
34949.0
34949.0
35000.0
35000.0
35149.9689
35149.9689
35149.969725
35058.5876
35071.169924999995
35369.0348375
35450.0
35523.0587484375
35175.1926
35175.1926
35175.1926
35175.1926
35175.096025
35175.0
35175.0
35175.0
35175.0
35175.0
35175.0
35175.02775
35175.0
35175.0
35175.0
35175.0
35175.0
35175.0
35175.0
35175.0
35175.0
35012.0071
35447.8877
35081.0249
35369.6958
35448.6740625
35475.0
35551.0
35599.01
35303.584149999995
35263.1363
35556.1562375
35363.544
35372.0846
35734.792175
35468.9171
35974.270269775385
35612.32385
35487.9999
35487.9999
35762.6189
35491.4025
35494.695275000005
35487.9999
35487.9999
35267.2694125
35225.673774999996
34961.53393125
34949.1653
35464.511215624996
35241.359549999994
35261.2275
35261.2275
35261.2275
35261.2264
35206.2901
35206.2901
35206.37445
35206.290049999996
35203.86725
35163.186575
35396.87118125
35400.0
35621.6697
35726.19
35884.8487
35947.155224999995
36047.2731
36047.2731
36066.2728375
36163.62
36163.62
36190.656
36163.62
36163.62
36190.6554
36163.62
36163.62
36191.100575000004
36191.5452
36163.62
36211.0796
36285.62005
36300.0
36300.0
36300.0
36300.0
36264.5
36229.0011
36229.0011
36196.310274999996
36163.62
36200.0
36163.62
36163.62
36199.9989
36198.99
35917.0132
36163.0011
36199.0
36199.0
36199.475
36330.0
36300.0001
36327.99995
36424.071575
36465.0
36503.62621523438
36510.0
36510.0
36305.0205
36302.76281875
36499.9989
36300.00055
36300.0
36507.9895
36506.0
36224.750025
36200.0
36207.7243
36208.4066
36200.0
36200.0
35955.27813125
35890.5352
35895.886
35896.04
35865.633075000005
35835.38
35835.37
36150.0
36148.8827
36148.8827
36134.4317
36151.0022
36279.0372
36250.0
36299.0
36503.6397
36503.6397
36503.6397
36210.0
36250.0
36223.0
36216.0
36222.0
36222.0
36210.0
36210.00005
36210.00005
36210.0
36348.548037500004
36117.0011
36153.0059
36326.9768
36287.1988
36287.1972
36287.1976
36287.1964
36287.1952
36287.1951
36287.194
36287.194
36287.1939
36287.1929
36162.0045
36287.1928
36287.1916
36287.1904
36287.1904
36287.1904
36287.1892
36287.1881
36481.23706015625
36499.9
36499.9999
36500.0
36665.78354394531
36700.0
36688.559
36736.0780828125
36666.00055
36744.90955
36886.66351141625
36974.20901875
36999.0
36999.0
36767.9839
36996.0760875
36913.8777
37000.0
37000.0
36999.0
36913.8788
36998.9988
36721.79743125
36995.8989
36995.7988
36995.5156
36995.7988
36995.7988
36995.7988
36891.67375
36995.7989
36997.894725000006
36999.0
36999.0
36999.0
36999.0
36999.0
36900.9997
36999.0
37000.0
37000.0
36999.9895
36910.0
36820.5
36999.9889
36820.8989
36999.9989
36999.9889
36830.0011
36914.99555
36999.9989
36999.9989
37000.0
36999.9989
37000.0
37000.0
37000.0
37000.0
37005.8484
37010.93845
37016.0285
37031.15106875
37094.479925
36997.4394375
36900.0
37083.9995
36902.0
36902.0
36900.0
36900.0
36877.0021
36860.0
36850.0
36850.0
37041.32
36860.0
36860.0
36850.0
36832.0
36832.0
36832.1005
37037.9989
36833.0011
36832.10055
36673.4925953125
36662.119
36898.0
36898.0
36897.9976
36893.0
36893.0
36706.1001
36706.1001
36706.1
36706.1001
36706.1
36707.0562
36525.0
36653.515
36467.1649375
36758.9288
36758.9288
36570.9677
36754.9988
36753.9989
36754.0
36610.1462
36548.5416625
36509.5532
36559.526
36746.9744
36746.9788
36746.9788
36746.9788
36556.39
36746.9788
36749.9989
36749.998250000004
36750.5
36751.0
36755.5
36757.0
36757.0
36639.082559375005
36699.0
36965.0
36699.0
36515.306
36564.3565
36879.0
36859.3
36857.4995
36630.68625
36600.1005
36600.1
36852.984500000006
36600.1001
36316.25944667969
36321.607
36321.607050000006
36713.9968
36638.0
36637.389
36377.89
36637.389
36575.7726
36575.7
36410.0
36379.500025
36351.005000000005
36351.0
36380.0506
36402.0
36470.2775
36438.4093
36619.0
36601.5971
36601.5966
36601.5966
36417.0
36416.5103
36416.0118
36599.4994
36599.9977
36601.0011
36473.62525
36698.99
36417.0005
36678.9689
36511.4891
36753.99945
36754.0
36754.49975
36679.008050000004
36678.9711
36678.97055
36678.969175000006
36759.7801265625
36760.0
36679.046
36759.9989
36759.99945
36760.0
36679.046
36719.523
36761.3488
36761.3488
36761.3488
36735.7557
36735.84715
36735.77
36735.9062
36735.9062
36888.96
36888.9495
36679.0258
36679.0258
36644.484475
36679.0247
36700.0
36727.0
36887.9995
36753.1056
36753.1056
36753.1045
36700.027
36461.76127265625
36580.0
36550.0
36559.8989
36460.0515
36530.9453
36530.0
36530.0001
36530.0001
36530.0001
36828.0
36841.192418750004
36971.9936421875
36980.1337
36998.1933625
37000.11105
36750.0021
36757.0037
36757.0037
36757.0037
36999.0
36999.555550000005
37000.1111
36833.03725
37000.1111
37000.055550000005
37000.1111
36900.3
37189.826198046874
36950.0
36952.0122
36952.0122
36979.347
36979.347
37046.4011
37106.080050000004
37105.082525
37169.3748625
37071.8745
37190.0
37190.0
37190.0
37190.0
37146.467025
37116.0
37121.11
37127.0
37126.2223
37210.36
37344.317281384276
37347.30463125
37637.36718486883
37527.5276
37527.5276
37527.6371
37527.5287
37527.52815
37527.5276
37528.0
37527.663825
37569.8
37527.5276
37527.5276
37473.421149999995
37473.4211
37473.4211
37473.4211
37473.4211
37473.4344
37473.4211
37473.4211
37473.4211
37473.4211
37464.2622
37464.253
37464.253
37464.253
37464.253
37464.253
37359.3592
37229.0
37229.0
37222.0
37138.0
37180.056
37136.0
37136.0
37136.0
37136.0
37229.0
37229.0
37388.9989
37388.99945
37389.0
37389.0
37344.49945
37279.8321
37279.8345
37279.832225
37260.1281
37270.0
37205.721125
37207.818
37207.8182
37193.426425
37180.01
37180.01
37180.00005
37180.2144
37189.0
37292.505099999995
37376.9999
37310.0
37357.9994
37357.9962
37353.0
37301.0095
37249.07255
37354.9889
37354.989449999994
37355.0
37359.99505
37360.0
37360.0
37360.0
37360.0
37380.0
37359.99
37321.86
37356.254
37356.254
37379.106
37353.0
37353.0001
37353.0001
37353.0001
37353.0001
37231.0892625
37180.0
37397.98775
37280.2169
37276.106
37276.106
37250.7354
37276.106
37202.9543
37276.106
37276.1055
37276.106
37276.1071
37276.10655
37249.9995
37130.037150000004
37057.048299999995
37237.489875
37053.51845
37050.0
37050.0
37050.0
37074.79
37050.0124
37061.225000000006
37050.0112
37050.0
37012.6917
37012.6689
37106.735
37012.6803
37012.8342
37012.6689
37012.6689
36826.42838124999
37012.6689
37120.3124
37099.9965
37099.9947
37099.9935
37000.00055
36939.3461
37099.9922
36999.9999
37000.0015
36900.9607
37099.9932
37000.0
37000.0011
37000.0
37120.332299999995
37059.4568
37059.4568
37054.45675
37000.0
37000.0
36999.9995
36800.0
36665.0973875
36799.0
36799.0
36813.9432
36828.887950000004
36906.26
36989.0
36735.5171875
36733.89795
36988.9898
36759.636
36759.636
36761.0
36657.86965625
36978.967975
36978.9695
36987.0
36938.489
36923.86
36841.4934
36983.734375
36812.34698046875
36996.99755
36810.0
36814.67494375
36810.0
36810.002525
36994.991850000006
36994.98
36811.0074
36900.0
36900.0
36900.0
36900.0
36900.0
36899.5
36909.1911
36996.4977625
37005.7498125
37007.0
37007.0
37006.9976
36838.86545
36977.0
36976.99945
36977.0
36999.93249375
37077.0
37077.0
37070.39
37088.5
37100.0
37078.0251
37100.0
37100.0
37099.9989
37099.65945
37176.1016
37287.5508
37333.0165
37120.905025
37119.8705125
37115.50015
37249.9965
37115.50065
37249.996450000006
37249.9977
37115.5013
37091.7050875
37020.5
37020.50055
37020.5
37115.50075000001
37247.98
37247.98
37247.98
37247.9999
37248.999375
37192.8082
37200.0
37200.0
37165.0
37199.99
37176.994999999995
37154.0
37163.2
37199.9995
37199.9995
37154.0
37000.0111
37145.996
37145.997149999996
37000.00185
37144.997275
37298.994975
37392.499375
37465.782115625
37471.0
37250.00055
37197.4988
37144.9976
37202.598
37375.997975000006
37150.0011
37150.0011
37150.0011
37145.0005
37145.00025
37145.0
37198.878
37224.439
37269.9989
37145.0011
37270.00445
37359.9989
37208.523225
37359.9989
37324.99945
37158.7911
37064.11372871094
37200.0
37201.9123
37161.0
37161.0
37189.0
37210.308075
37220.0
37244.7375
37219.694
37219.729
37219.66
37219.7
37219.66
37157.1601
37188.42005
37149.6101
37080.4501
37222.579549999995
37246.1479
37151.7421
37246.17125
37246.1707
37062.780275
37246.1702
37034.52328125
37246.1706
37028.780249999996
37220.0
37217.9967
37026.0023
37026.0
37199.994
37006.55151875
36699.75633837891
36550.04215625
36666.0
36860.478
37036.488150000005
36783.5
36665.9999
36666.0001
36999.9983
36949.9977
36949.9977
36993.997818749995
37001.9999
36880.4027
37066.50001249999
37120.0
36880.410325000004
36994.9972
36880.0
36973.9599
36973.9587
36973.9575
36973.9575
36973.96045
36973.9633
36900.0
36926.626
37085.752590625
37129.00025
37140.0
37001.0
36834.69890546875
37139.9977
36899.9968
36989.9953
36840.0061
36840.0061
36840.0061
36840.0061
36802.506
36840.0061
36840.0061
37099.9965
37099.9908
36863.52916875
36711.82973125001
36651.75119375
37099.994
37097.23915
37275.1318734375
36702.6176
37264.9994
37264.9994
37296.805998632815
37303.375
37331.0
37329.25
37399.7225
37399.0
37399.0
37399.0
37400.0
37400.0
37400.0
37400.0
37403.5
37407.0
37497.04296875
37500.0
37500.0
37500.0
37513.9488
37592.6811
37555.0
37600.0
37738.703048046875
37750.0
37772.77400078125
37749.0
37690.5
37751.75
37597.2745
37781.0
37794.274725
37797.6667
37798.2859
37798.337
37798.0
37799.1685
37797.6667
37841.3558875
37821.5606
37860.0
37797.6667
37810.46
37810.4496
37797.67255
37676.836575
37556.000175
37606.0
37606.0
37606.0
37606.0
37606.0
37606.0
37606.0
37606.0
37606.0
37606.0
37606.0
37606.0
37606.0
37606.0
37606.0
37606.0
37606.0
37606.0
37606.0
37606.0
37606.0
37606.0
37606.0
37606.0
37606.0
37606.0
37606.0
37606.0
37606.0
37606.0
37606.0
37606.0
37606.0
37606.0
37606.0
37606.0
37606.0
37606.0
37606.0
37606.0
37606.0
37606.0
37606.0
37606.0
37606.0
37606.0
37606.0
37606.0
37606.0
37606.0
37606.0
37606.0
37606.0
37606.0
37606.0
37606.0
37606.0
37606.0
37606.0
37606.0
37606.0
37606.0
37606.0
37606.0
37702.955
37799.91
37799.91
37799.91
37799.91
37799.0
37799.455
37799.91
37799.91
37799.91
37607.194
37607.0102
37630.053725000005
37340.510780078126
37799.6709
37799.91
37799.91
37799.91
37799.91
37805.1798
37808.9545
37810.4496
37835.224799999996
37888.0
37898.7436875
37944.791318749994
37946.318
37946.318
37672.7573125
37600.336425
37600.0
37724.4331
37803.4771
37943.9988
37946.3184
37955.83725498047
37960.0
37958.8235
37672.042
37960.0
37960.0
37867.85
37867.85
37847.3128
37673.6
37673.6
37673.56
37666.9495
37666.7
37666.7
37599.2711
37599.10015
37716.361525
37601.2101
37855.8786
37855.8786
37601.2101
37601.2101
37601.2101
37666.929000000004
37918.9989
37918.210175
37996.39544438476
37999.0
37999.0
37999.0
37880.8873
37999.0
37746.959650000004
37601.2213
37601.2213
37601.22105
37601.22045
37601.2201
37601.2201
37601.2201
37601.22005
37601.22
37601.22
37601.2101
37601.22
37601.22
37601.22
37601.22
37601.22
37601.22
37601.22
37998.9999
37998.9999
37601.2302
37998.9988
37992.07255
37990.9994
37991.9995
37797.1082
37996.9989
37986.9961
37747.6497
37978.9926
37978.9926
37793.9181
37747.6496
37747.6496
37660.726899999994
37800.0
37899.0
37900.0
37900.0
37899.9995
37920.1429
37999.95954221192
38181.9367495451
38199.994999999995
38103.159700000004
38199.0
38050.9102
38000.5911
38000.0
38000.0
38000.0
38000.0995
38000.0
38000.0
38000.0
38000.0
38000.0
38000.0
38000.0
38000.0
38000.0
38000.0001
38000.0
38000.10615
38000.0111
38000.11065
38000.0122
38000.0122
38000.0122
38000.09835
38000.011125000005
38017.3866
38000.1822
38000.1822
38000.00515
38000.0
38000.0
38000.000100000005
38000.0
38000.0
38000.0
38000.0
38000.000100000005
38000.0002
38000.0002
38000.1822
38000.0002
38000.1822
38000.1822
38000.0099
38000.0
38000.0099
38000.0
37788.250006250004
37731.6567125
37989.9895
37982.236065625
37984.0
38000.091100000005
37983.9999
38000.1822
38000.1822
38000.1822
38000.1822
38000.1822
38196.6844
38050.00055
38198.9989
38199.0
38199.0
38199.0
38199.0
38199.0
38200.0
38213.54275
38222.8895
38222.00005
38222.8896
38222.179
38222.179
38243.94800625
38250.0
38222.001
38236.00025
38223.00005
38223.0
38222.01405
38239.0
38239.0
38128.1121
38239.0
38239.0
38240.0
38240.0
38250.0
38288.06771875
38250.565
38250.565
38240.0
38240.0
38290.0
38292.8235
38292.8235
38384.15660366211
38389.355
38390.0
38399.749975
38302.0011
38419.41608125
38431.0
38434.8
38442.39945
38449.9989
38450.0
38431.019
38431.0095
38449.0
38357.802575
38449.0
38440.0095
38449.0
38449.0
38449.0
38375.5008
38302.0116
38450.0
38450.0
38493.9055375
38500.0
38451.9098
38500.0
38500.0
38500.0
38502.6026
38519.99975
38520.0
38505.657625
38530.0
38510.0
38510.0
38520.0
38502.9
38475.015
38450.0
38450.0
38450.0
38450.0
38450.0
38450.0
38449.9999
38449.9999
38448.0
38448.0
38448.999899999995
38448.0
38448.0
38449.9999
38449.9999
38400.0
38523.9374984375
38540.0
38512.83
38512.8299
38500.0
38400.025
38375.02115
38316.22
38290.0
38316.22
38316.22
38290.0131
38011.846605468745
38151.92
38000.0001375
38151.92
37977.27505
38116.75
38116.75
38116.75
38116.75
37938.6546375
38000.01
38000.01
38000.01
38087.564725000004
38143.32
38000.076499999996
38000.0022
38151.9177
38151.9176
38151.917050000004
38151.9176
38025.9352
38075.55065
38063.9611
38017.9739625
38064.0
38001.044624999995
38001.0
38001.0
37999.0
38000.0
38001.0
38001.0
37955.0
38001.0
38001.0
38001.0
38001.0
38001.00005
38132.6676
38132.6687
38132.6687
38004.6906
38221.5999
38274.65
38274.65
38274.65
38309.04
38016.94175
38508.4075
38321.63649999999
38024.1103
38299.79
38125.003
38126.0952
38126.0952
38170.1945
38170.195049999995
38322.19945
38188.4001
38188.4001
38179.758174999995
38098.250025
38030.0099
38000.0
37942.0
37942.0
37900.0037125
37856.04
37850.00005
37821.47
37804.50505
37781.826
37750.03005
37774.0265
37782.14
37782.14
37782.14
37782.14
37872.7277
37731.018025
37750.0001
37770.0
37850.9989
37873.400550000006
37930.9
37812.743075
37735.0
37928.9989
37730.149424999996
37706.642875
37692.625
37603.7258
37565.0901875
37501.7459875
37500.0071
37498.5
37724.9988
37497.750275
37591.65
37631.2989
37631.2989
37630.65
37506.1008171875
37498.766125
37507.621199999994
37497.0
37450.0648
37450.0
37450.0
37524.999899999995
37599.9987
37599.9987
37599.9998
37724.499975
37724.9999
37527.64199999999
37724.99985
37630.0
37630.0
37637.0
37584.6
37642.9999
37642.9999
37642.99995
37643.9999
37644.0
37644.0
37644.0
37644.0
37724.99995
37789.0
37725.0324
37790.0
37789.0
37725.0649
37725.023
37725.0131
37724.9999
37786.0
37786.0
37786.0
37786.1
37786.1
37786.0001
37786.0001
37786.0001
37786.0001
37888.00245
38000.0
38440.80379978943
38444.0
38444.0
38444.0
38000.2071
38405.59
38376.5
38402.99
38005.0135
37501.13058641663
38402.675449999995
38149.45
37801.4535
38146.95
37874.500700000004
38139.0
38139.75
38138.0
38138.0
38039.0113
38095.0
38089.9994
38050.2091
38041.242
38039.0
37701.7093
37701.7083
37701.7083
37701.7083
37702.5799
37982.9995
37668.43870625
37775.0001
37517.37515
37746.9989
37744.9967
37650.00055
37741.99945
37601.0111
37741.99
37741.99
37741.9899
37741.9888
37741.98935
37741.98995
37741.99
37741.99
37741.994399999996
37741.0
37741.0
37741.0
37741.0
37741.0
37741.0
37741.0
37740.9988
37740.0
37740.0
37740.0
37740.0
37740.0
37740.0
37740.0
37740.0
37740.0
37739.0
37739.0
37739.0
37739.9988
37739.9994
37740.0
37740.0
37740.0
37740.0
37740.0
37740.0
37740.0
37740.0
37740.0
37740.0
37740.0
37740.0
37740.0
37740.0
37740.0
37740.0
37740.0
37740.0
37740.5
37741.0
37741.0
37741.0
37741.0
37741.0
37741.0
37741.0
37741.0
37741.0
37741.0
37741.0
37741.0
37741.0
37741.0
37740.0
37740.0
37739.9995
37739.9995
37738.0
37736.0
37736.0
37736.0
37738.0
37738.0
37738.0
37738.0
37738.0
37736.003
37738.0
37738.0
37738.0
37738.0
37738.0
37738.0
37738.0
37738.0
37738.0
37738.0
37738.0
37738.0
37738.0
37738.0
37738.0
37738.0
37738.0
37738.0
37738.0
37951.562374999994
37959.0
37959.0
37803.0
37803.0
37803.0
37959.6
37959.6
38024.8
38090.0
38089.0
38089.5
38090.0
38095.0
38100.0
37817.353
38100.0
38100.0
38050.0
38099.999
38099.999
38099.999
38099.999
38099.999
38013.000824999996
38099.999
38099.999
38080.00015000001
38099.999
38020.0052
38099.999
38099.999
38099.999
38099.999
38099.999
38099.999
38099.999
38099.999
38099.999
38099.999
38099.999500000005
38100.0
38100.0
38100.0
38100.0
38019.23406250001
38075.000275
38099.4495
38099.4495
37910.0012
38099.383725
38029.2182
37999.696
37999.696
37999.696
37999.848
38000.0
37999.0
38000.0
38000.0
38000.0
37920.0
38000.0
38000.0
38000.000275
38049.74845
37999.9989
37999.9989
37921.100275000004
37920.5251625
37920.0
37998.9984
37900.005000000005
37767.57396875
37949.9988
37949.9977
37949.9965
37949.9965
37949.9953
37900.0
37899.9989
37899.9989
37899.9989
37899.9989
37899.9989
37899.9989
37824.99965
37899.9989
37899.9989
37899.9989
37900.0
37900.0
37900.0
37900.0
38163.8447
37978.9093
37978.9093
38200.0
37980.5345
38197.999125
38093.502
38077.690650000004
38199.99945
38200.0
38200.0
38248.49975
38296.9996
38150.0163
38298.99945
38299.0
38300.0
38300.0
38270.0005
38300.0
38301.0005
38349.0
38350.0
38301.0
38350.0
38350.0
38399.0
38401.25
38403.0
38403.0
38403.0
38403.0
38399.0
38360.039
38350.049
38403.0
38302.1535
38352.576199999996
38302.0488
38302.0488
38302.0488
38402.9989
38424.1473625
38302.0042
38302.0042
38302.0002
38315.20005
38433.99635
38302.0001
38260.0007
38443.9999
38260.090599999996
38265.0896
38443.9999
38444.0
38400.022
38443.0
38323.4183296875
38078.5455375
38320.1231
38023.43705
38315.1231
38315.122
38315.1203
38032.5694546875
38199.9989
38199.998250000004
38012.577875
38250.0
38007.28030429687
38012.066
38179.9
38179.8999
38179.8999
38179.8999
38179.8999
38179.89995
38179.9
38189.9999
38194.999299999996
38199.9987
38199.9
38199.9
38199.974075
38199.9988
38199.99885
38259.9994
38265.0
38030.6236
38264.9977
38269.499522656246
38270.0
38292.5613
38315.1226
38160.724575
38101.0
38101.0
38101.0
38315.1231
38034.9001
38034.9001
38034.9001
38034.9001
38256.0058
38336.9989
38336.9989
38336.9989
38028.0
38336.989449999994
38336.9977
38336.9977
38336.999675
38336.9977
38337.0
38337.0
38337.0
38246.414099999995
38337.0
38337.0
38337.0
38337.0
38337.0
38337.0
38337.0
38337.0
38337.0
38337.0
38337.0
38337.0
38337.0
38337.0
38337.0
38337.0
38337.0
38337.0
38272.161649999995
38207.3233
38337.0
38336.99945
38337.0
38208.00055
38207.3233
38207.3233
38207.3233
38207.3233
38337.0
38337.0
38337.0
38336.9989
38336.9989
38336.9989
38272.5064
38336.99945
38337.0
38336.99945
38337.0
38337.0
38337.0
38336.9999
38325.0
38325.0
38325.0
38325.0
38325.0
38325.0
38325.0
38325.0
38325.0
38325.0
38325.0
38325.0
38325.0
38325.0
38331.0
38337.49885
38374.6017
38375.0
38375.0
38375.0
38375.0
38375.0
38375.0
38375.0
38375.0
38387.0
38399.0
38375.0
38375.0
38375.0
38375.0
38375.0
38375.0
38350.0
38350.0
38375.0
38375.0
38375.0
38375.0
38375.0
38375.0
38350.635375
38350.0
38375.0
38386.994999999995
38398.99
38350.0125
38398.99
38398.94
38398.94
38399.735
38353.0
38400.0
38444.0
38444.0
38444.0
38443.0
38408.9078
38447.0
38467.78845
38479.5134
38486.332975
38499.40368125
38550.02505
38550.0501
38550.0501
38550.0
38552.724
38552.0
38553.5
38559.0
38555.0
38562.48
38596.7286625
38600.0
38600.0
38599.9895
38589.5
38589.0
38558.740000000005
38479.5135
38443.0012
38443.0001
38443.0001
38443.0001
38443.0001
38443.0001
38443.0001
38301.49753750001
38442.9989
38290.215325
38443.0
38350.0011
38443.0001
38442.99955
38450.1311
38450.0011
38590.9883
38478.2001
38478.2001
38549.9989
38500.0
38500.0
38500.0011
38680.31890509491
38681.8337
38686.437
38685.471
38586.9581875
38683.866
38550.03375
38678.396
38671.7561
38662.3184
38662.3184
38661.658899999995
38662.3177
38662.3188
38599.69
38553.0011
38553.0011
38553.0011
38553.0
38552.1246
38443.116200000004
38674.9986
38661.0
38670.0
38669.0
38669.0
38664.046
38664.0
38664.0
38664.046
38670.0
38667.023
38669.0
38670.0
38688.0
38667.846
38690.0652
38662.8072
38661.0311
38692.1304
38699.9989
38600.00055
38699.9989
38745.87936484375
38600.0010125
38749.493950000004
38600.0013
38749.9854
38600.0024
38749.9843
38749.984249999994
38749.9988
38749.9987
38748.9989
38630.6021
38690.0
38615.801374999995
38601.0
38601.0
38601.0
38727.588587499995
38601.0011
38600.500275
38600.0
38650.0
38649.99
38600.0
38650.0
38529.0
38650.0
38505.0
38502.5
38352.000006250004
38350.0005
38550.0
38605.12463125
38630.5
38530.001
38649.99995
38508.0144
38467.0054125
38409.37756875
38450.9
38450.9
38450.9
38450.9
38450.9
38450.9
38450.9
38450.9
38450.0
38467.7995
38429.23
38415.001
38639.153737500004
38420.6215
38699.9989
38699.9989
38699.9989
38506.275775
38690.0
38747.921625
38749.5089
38749.5089
38748.9798
38747.8796
38747.4235
38659.0331
38659.03255
38659.032
38729.9989
38648.040049999996
38749.9989
38750.0
38749.9989
38730.0
38739.75045
38749.9989
38749.99945
38750.0
38750.0
38750.0
38793.64625712943
38800.0
38778.012950000004
38800.0
38801.0002
38890.229769531245
38900.0
38930.0
38939.18095
38930.0
38936.5
38841.9731
38942.99945
38943.0
38900.0
38900.0
38943.0
38950.0
38865.8141
38949.99945
38999.43452675781
39000.0
39044.4612359375
39185.85621698685
39000.0
39000.10145
39000.2003
39000.2007
39195.774
39000.25125
39000.2002
39000.399
39000.345199999996
39000.2503
39000.2002
39000.0749
39180.1986
38999.5
38800.72525
38783.07325625
39094.0879
39044.2218
38879.0
38879.0
38879.0
38879.0
39027.4029
39020.3699
38900.270075
39017.367
38903.7365
38880.0687
38995.993
38882.117
38992.1149
38991.8668
38885.0
38985.0182
38985.0182
39019.0
39019.5
38985.5027
39049.0
39050.0
39050.0
39099.9989
38985.5027
39100.0
39175.9999
39178.249575
39180.0
39137.99995
39199.2448875
39150.0
39200.0
39200.0
39150.0001
39150.0001
39222.1083625
39230.0
39231.0
39249.1038
39270.0306
39272.6836
39288.0
39299.99
39300.0
39321.1377
39323.1671
39349.0
39389.1
39400.0
39400.0
39400.0
39406.0
39444.89864375
39444.0
39450.0
39444.006
39444.0
39444.003
39449.5
39440.0
39313.2299
39313.23045
39399.9889
39313.27385
39313.27385
39399.9968
39360.0
39360.0
39319.9979
39319.9979
39319.9968
39150.12555
39151.1701
39151.1701
39310.0
39105.17980546875
39299.9989
39299.99625
39309.99895
39105.1
39120.0
39320.68
39389.905
39319.123
39400.0
39319.0011
39200.158
39300.0
39300.115
39300.0
39175.0
39289.9989
39289.9989
39299.9989
39299.9989
39360.70839375
39300.0522
39295.000275
39270.0
39390.0
39372.9989
39372.9989
39372.9957
39270.065
39270.0
39290.0
39290.082
39270.0
39270.00505
39270.0
39225.5
39150.524775
39130.0
39133.07455
39134.000975
39135.0
39277.99945
39389.99
39389.99
39389.99
39302.8851
39302.8851
39282.049975
39282.0005
39283.0005
39285.0
39388.8
39386.8989
39386.8989
39386.8989
39291.028300000005
39291.028300000005
39347.55
39347.55
39383.99
39383.9994
39384.9989
39384.9995
39384.9995
39393.428325
39402.884
39300.0
39300.0
39300.0
39291.0577
39291.0577
39300.0
39291.0566
39287.0093
39287.00485
39261.0
39299.9995
39299.9995
39262.9675
39300.0
39300.0
39300.0
39300.0
39300.0
39300.0
39300.0
39377.1085
39262.0022
39262.0011
39262.0
39398.9968
39349.9989
39339.0
39349.9989
39376.441475
39402.8794
39260.7598875
39394.9989
39299.4992
39069.2515578125
39001.0
39050.0
39294.9999
39060.0
39107.0465
39296.9989
39341.2498625
39108.2796
39386.0
39152.0
39151.0
39033.22385585938
39150.0
39150.0
39150.0
39150.0
39152.2387
39152.2387
39380.0
39100.9995
39352.0
39352.7475
39353.0
39349.9989
39349.99945
39349.0
39147.4258
39101.550612499996
39049.1947
39235.9989
39062.0021
39066.086599999995
39234.9989
39075.00055
39198.9989
39198.9989
39189.9989
39075.1251
39075.0122
39073.2743125
39159.0
39198.9995
39199.0
39071.0043
39070.0043
39064.278375
39036.0
39071.0043
39197.9989
39105.0885
39187.9989
39188.0
39240.0
39200.0
39105.0891
39105.0891
39105.0891
39105.0881
39105.0881
39105.0881
39105.088
39105.0881
39149.9989
39149.99945
39200.0
39239.99
39288.0
39239.99
39239.9912
39463.149898753356
39239.99175
39250.0
39250.0
39240.4039375
39470.598265625
39468.97
39250.0005
39350.0
39474.9825
39490.0
39500.0
39500.0
39350.06555
39499.0
39350.1511
39350.1511
39350.15
39497.9989
39498.994725
39350.08165
39499.9989
39499.9989
39500.0
39499.9989
39499.9989
39350.1501
39350.0067
39400.9857
39308.3741625
39499.99
39494.9995
39270.0
39479.9989
39463.0
39492.811853515625
39500.0
39577.930974999996
39520.0
39502.0
39500.0012
39502.0
39500.0
39502.0
39500.001000000004
39502.0
39502.0
39502.0022
39588.9894
39588.9899
39598.99
39599.0
39600.0
39768.047158203124
39779.5
39502.002325
39600.0
39779.4965
39601.00055
39601.0
39551.148237500005
39502.0016
39505.63885
39754.9989
39559.998250000004
39559.9977
39750.0
39750.0
39600.0
39600.0
39560.44
39328.78295
39308.1
39305.0
39308.1
39308.1
39623.72
39308.1005
39665.49945
39313.4773
39313.4773
39313.47735
39313.4773
39313.4773
39323.564750000005
39449.9888
39449.98935
39328.0043
39449.9899
39450.0
39400.0008
39408.3051
39500.0
39500.0
39500.0
39408.5499
39413.5499
39411.048800000004
39644.9989
39630.9895
39630.4936
39630.9889
39408.5477
39328.0439
39328.0038
39408.5466
39408.5477
39408.5477
39328.08485
39327.0
39331.0892
39360.0005
39363.0027
39408.5466
39408.5477
39643.404936718754
39421.0011
39647.0
39426.00215
39425.0027
39425.0027
39425.0032
39426.01
39426.01
39432.507750000004
39426.01
39426.01
39186.14234433594
39153.82555
39150.29279375
39548.9992
39150.7031625
39152.0
39115.2923125
39063.36130625
39152.0
39039.750025
39046.546
39033.0
39033.0
39150.5259
38950.414378125
39049.9989
39050.0
39040.01
38900.0
39025.504199999996
38900.0
38850.00055
38712.859375
38899.9999
38690.085775
38690.343
38690.343
38899.9999
38899.0
38700.0
38692.500228125
38690.0003
38870.0
38690.1803
38690.0003
38690.1798
38690.00015
38690.0
38690.0
38690.0
38690.0
38672.5
38637.0459
38637.0989
38637.0989
38620.582
38600.0
38620.6099
38600.0
39009.271415625
39465.19676682129
38650.0
39480.0
39400.0
39399.9999
39000.0
39000.0005
39005.1908
39150.0
38920.0
38865.0
38910.04
38809.14965
38809.092
38809.09145
38809.0909
38809.0909
38809.0909
38809.0909
38809.0909
38644.136425000004
38530.487790625004
38500.5
38500.0
38406.6886
38501.0
38892.705
38500.9899
38599.9883
38689.97
38689.99945
38600.02555
38669.9895
38669.9699
38455.130000000005
38400.0
38400.0
38400.0
38400.0
38400.0
38549.994725
38540.0
38545.0
38648.9999
38653.99995
38560.0
38849.561225
38560.2914
38846.002
38886.25
38846.002
38663.046025
38663.0008
38849.9889
38849.9889
38849.9889
38679.043025
38655.0
38288.42314082031
38225.5
38186.689456249995
38133.7753
38133.7753
38133.7753
38133.7753
38133.7753
38133.7753
38133.7753
38133.7753
38133.7753
38133.7753
38133.7753
38574.997275
38219.0822
38219.0012
38547.9999
38300.0
38139.2060984375
38004.15945332032
38000.03125
38000.0001625
38000.0
37838.788345312496
37821.0
37821.0
37800.0
37821.0
37800.0
37800.0
37729.670325
37810.5
37858.82
37695.1025
37650.150075
38000.0
37700.0
37700.00005
37899.9976
37899.9965
37939.9983625
37989.49975
38293.357175
37801.5245
37801.523975000004
37801.5221
37792.0
37723.738125
37664.000025
37644.330050000004
37600.4447625
37613.4714
37590.34165
37555.0
37550.5
37550.0
37505.5
37613.4703
37613.4703
37613.4703
37613.4703
37613.4714
37613.4714
37900.001
37800.02555
37507.0
37340.62146550293
37320.122
37202.19336328125
37200.0025
37190.554425
37005.66951289063
37170.2811
37170.2811
37170.2811
36826.90122519531
37170.281
36759.382296875
37197.75
36800.792578125
36638.24581875
36588.8
36588.8
36909.879037499995
36931.3636
36882.3
36644.33681875
36540.846699999995
36326.32785
36536.7956
36595.190625
36631.322
36631.322
36631.322
36106.108395605464
36000.0
36730.9091
36618.691
36730.9091
36167.7934875
36000.0
36512.989149999994
36295.0692
36295.0692
35790.65994687501
36741.6667
35754.688
36719.140025
36742.4167
36860.25
36931.3636
36931.3636
36988.4074
36988.4074
37166.67
37025.4
36988.3974
36988.3974
36988.3974
37166.66
37166.6699
37166.660050000006
37001.0
37184.0
37180.99
37183.2375
37183.99
37182.74249999999
37183.99
37183.99
37200.57
37200.0
37204.17
37205.56
37299.9999
37300.0
37300.0
37217.0495
37151.0011
37178.37
37151.0011
37214.28945
37251.5789
37150.1511
37140.00055
37111.8
37051.9989
37052.0
37100.0
37100.0
37100.0
37100.0
37569.489371874995
37667.917225
37681.404975
37643.54
37643.54
37701.312475
37510.0011
37503.3113875
37338.09655
37699.9889
37699.9889
37699.994725
37700.0
37700.0
37789.5599
37701.0891
37750.0
37789.5598
37780.0005
37801.0011
37893.1541
37850.0
38035.0978
38035.0978
38000.0
38000.0
38035.09
37801.548299999995
38035.09
38035.09
38108.019675
38034.91
38062.75
38009.9994
38167.99835
38170.47
38170.47
37804.0021
38170.4699
38197.23495
38219.9995
37950.0527
37950.00055
37914.42
37913.0516
37800.5
37980.1889
37801.1792
37701.00055
37509.849
37500.2074
37500.0001
37500.0
37500.0481
37500.0481
37501.0
37501.0
37302.3
37301.6449
37260.0
37260.0
37260.0
37260.1605
37010.7543
37211.99405
37578.095
37500.0
37365.0721
37499.99945
37897.98935
37730.31
37730.31
37730.3111
37730.3111
37730.3111
37730.3111
37730.3111
37730.310549999995
37730.31
37615.1769
37420.6543
37362.419725
37340.1595
37060.51
36950.83985
36913.33
36781.210275
36913.3294
36845.1
36845.1
36778.47965
36778.41
36778.41
36806.76
36778.41
36806.76
36778.41
36778.8335
36758.342525
36745.0
36742.72095
36741.6667
36424.240025
36400.0
36741.6656
36381.5596875
36276.7459
36741.6655
36741.6655
36741.6667
37149.9999
37149.9999
37149.9999
36693.23075
36695.20975
36796.6575
37110.276373608394
36796.6652
36796.6664
36796.81895
36789.910375
36783.162
36783.0
36783.0
36783.0
36783.0
36783.1595
37035.96575
36783.262
36783.262
36783.0003
36783.262
36783.262
36783.0011
36783.00015
36519.1106
36483.31495
36483.0501
36483.05
36470.257225
36470.12005
36522.69
36522.69
36426.3101
36992.91
37010.488425
36854.0092
37000.0
36981.9975
36883.3181
36883.3181
36883.3181
36883.3181
36981.9975
36932.6578
36900.99985
36981.9975
36981.9975
36981.998
37013.0
37013.0
37013.0
37013.0
36825.000575
36824.5953
36809.59
36715.500025
36809.5895
36690.0598
36763.3695
36762.3695
36763.3672
36763.3619
36749.9989
36749.99945
36750.0
36750.0
36750.0
36779.5638
36786.3907
36788.6656
36786.85485
36785.8516
36666.6
36666.6
36666.6
36666.2299875
36899.998250000004
36899.9988
37203.21818125
37215.0
37325.684067187496
37447.863
37444.0
37446.3526
37446.3526
37446.3526
37300.0
37300.0
37300.0011
37300.0
37300.0
37477.4014
37514.7388
37449.99995
37517.91745
37420.819175
37518.9251
37414.0
37414.1049
37414.1049
37500.0
37500.0
37518.9272
37518.9853
37518.9854
37518.9905
37589.116653125
37610.0
37610.0
37707.805340625
37719.0
37719.5
37707.5
37793.862475
37777.0
37777.0
37798.7895
37796.9995
37512.14925
37692.9995
37550.0
37550.0
37550.0
37550.0
37699.99995
37610.001575
37699.9989
37699.9989
37700.0
37858.8594
37888.005000000005
37897.9999
37898.0
37898.001
37998.99945
37998.0
37995.0
37995.0
37783.0696453125
37800.099
37800.099
37800.00005
38039.49970390625
37700.6171
37949.999725
37857.0
37857.0
37857.0
37780.970075
37724.000875
37724.0
37800.0
37814.9989
37799.9989
37790.0
37790.0
37844.3121625
37730.0
37708.03935
37692.048
37692.0
37691.0
37691.0
37628.0
37626.0889
37626.0888
37618.0444
37610.0
37576.188546875
37557.5633
37513.0
37513.0
37516.0011
37406.15564140625
37400.1161
37499.9989
37400.1
37400.0012
37400.0
37400.049100000004
37400.0
37326.0001
37326.0001
37326.0
37326.000025
37326.0
37325.0
37300.01
37300.047525
37300.19
37300.0
37497.3373375
37514.73
37576.182475
37600.0
37368.2875
37574.5
37569.0
37440.4414
37440.4414
37409.22015
37378.0
37380.0
37379.0629
37379.0629
37380.0
37404.306175
37369.7656625
37514.0
37400.0
37400.0
37599.999937500004
37400.0011
37569.7316
37532.2
37532.2
37532.2
37764.6198
37600.0
37600.2011
37600.2011
37600.2011
37600.2011
37783.7475
37841.0
37878.49995
37900.0
37900.0
37749.03405
37848.9988
37848.9988
37848.99935
37949.9987
37848.9988
37699.735975
37700.0001
37845.10685
37845.2136
37957.899169921875
37949.9999
37949.9999
37949.9999
37900.073
37900.00005
37900.073
37900.00005
37900.0
37899.9999
37811.305049999995
37772.641525
37685.009999999995
37681.0
37680.01
37680.005000000005
37681.0
37778.9976
37681.0
37640.25
37600.0
37600.0
37600.0
37582.5736
37569.7316
37500.0001
37500.0
37716.43397265625
37445.4356
37445.4356
37445.4356
37440.4356
37421.5
37401.0
37401.0
37448.0
37725.9999
37452.0088
37452.0099
37423.75035625
37459.98
37400.0001
37400.0
37366.1001
37365.1001
37364.1001
37361.0
37361.0001
37361.0
37327.00005
37335.8999
37303.0001
37303.0
37301.5
37300.0
37300.0
37300.0
37301.0
37300.0
37300.0
37300.0
37300.0
37238.305
37138.0299125
37115.12
37115.06
37207.949949999995
37207.95
37161.0005
37157.0
37115.153675
37217.9777
37101.029525
37075.75
37001.0001
37001.0006
37108.9999
37002.1
37023.0865
37003.255475
37003.0006
37023.0
37023.07
37023.0001
37023.0001
37023.03505
37023.07
37023.07
37108.98995
37108.99
37149.0
37182.9
37178.9
37109.0731
37071.195
37002.85365507813
37118.9989
37154.9999
37164.9989
37170.0
37170.0
37212.7
37220.60375
37389.99945
37309.451475
37387.9977
37387.9977
37387.9977
37387.9978
37399.9701
37427.99975
37471.69659375
37480.0
37399.9712
37484.7490625
37489.9989
37449.99945
37401.0
37398.7601125
37397.7777
37392.887749999994
37387.9978
37322.348849999995
37130.5888
37130.822725
37130.5202
37130.51965
37354.9962
37272.00505
37300.0043
37311.0075
37393.9988
37393.9964
37349.9988
37349.9999
37350.0
37349.9988
37349.9988
37344.9973
37344.9973
37343.0023
37240.0589
37343.002250000005
37240.103
37250.8021
37343.0023
37348.250275
37350.0
37350.01
37374.661575
37401.0055
37399.0
37401.0055
37401.0055
37401.0055
37401.0055
37401.0055
37401.0055
37401.0055
37480.0
37485.0
37490.0
37550.0
37504.5202
37550.0
37550.0
37550.0
37504.5202
37550.0
37550.0
37550.0
37550.0
37493.977975
37467.673
37419.9864
37419.9864
37399.0
37399.0
37254.0494
37254.0494
37135.30734140625
37052.8
37030.500700000004
36751.44375793457
36541.8271875
36995.9983
36994.9999
36994.9988
36994.0
36994.9987
36995.9999
37052.4699
37047.7988
37047.7988
36848.50615
37041.9993
37000.0
36999.0
36751.8411
36753.8575
36989.9995
36758.50675
36800.0
36800.0
36885.0
36753.13085136718
36750.0
36750.0
36750.0
36750.0
36750.0
36750.0
36880.0
36720.263425
36683.000025
36666.0001
36594.55
36665.9995
36659.752
36659.752
36659.7521
36659.752
36659.7516
36522.78478125
36657.24975
36659.7516
36583.099449999994
36583.0995
36404.2913043457
36500.0415
36500.0
36425.385425
36400.271
36400.271
36400.271
36400.271
36400.271
36400.00005
36389.9995
36389.9995
36389.9995
36272.95123125
36351.039
36351.0379
36209.87096875
36351.0379
36360.519225
36204.259
36300.0663
36300.0
36250.0
36250.0
36182.6574234375
36237.407
36321.818849999996
36237.407
36400.203087500005
36400.271
36497.9997875
36757.7805
36674.788
36480.808262499995
36460.0
36378.4605
36147.24930625
36025.56125
36256.14
36010.2418
36010.00005
36010.0
36010.05
36010.2418
36010.0002
36010.000100000005
36010.0
36010.1
36005.548475
36001.0023
36000.25
35959.450899999996
35950.229
35950.22
36165.418
36165.6772
36165.6772
36006.522425
35950.2429625
35955.0
35951.1076
35951.0
36158.9995
36148.9982
36140.9987
36121.9897
35974.3942
35975.0057
35973.8597
35962.207275
36099.771
36099.88545
36099.9999
36099.9999
36099.9998
35954.378326562495
35820.850495703125
35949.8999
35949.0
35778.056078124995
35751.4195
35744.119999999995
35657.375
35694.119999999995
35650.0
35681.9681
35733.8172
35486.174442187505
35001.54369549561
35200.0
35200.0
35245.996675
35034.9995
35089.99985
35155.0
35155.0
35255.0
34991.64055234375
35255.0
35435.2941
35435.2941
35435.2941
35434.0
35290.25
35362.125
35433.0
35433.0
35433.9999
35396.8833875
35433.9999
35433.9999
35433.99995
35433.49995
35350.0
35400.0
35400.0
35350.0
35400.0
35350.0001
35350.0001
35350.0001
35350.0001
35350.0001
35350.0001
35350.0001
35350.0001
35399.5
35400.0
35435.2941
35435.2941
35484.552762499996
35467.64705
35725.99
35435.43855
35435.5829
35720.9699
35580.0
35451.0005
35580.0
35451.0105
35579.99995
35558.732
35700.0
35675.7
35675.7
35675.7005
35700.0
35731.39335
35800.0
35909.0
35817.69
35817.69
35864.315
35910.94
36078.86029355469
35892.735
36098.9999
36098.9999
36098.0
35888.0487
35226.03008344727
36097.9999
35907.2396
35704.8486
35704.8486
36085.3
36083.9357
35999.699
36055.7205
36055.7205
35759.4576
35752.675
36051.05917174072
36063.9995
35681.193440625
35517.06
35924.0
35517.190675000005
35838.576
35517.6
35401.802396875
35366.8650125
35762.96
35235.487881249996
35400.0001
35729.3669
35374.583775
35304.3873
35304.3873
35304.000199999995
35304.0004
35444.385
35444.385
35444.3867
35444.3873
35446.3581
35444.3889
35687.3615
35501.0011
35688.180475
35689.49995
35690.4104
35690.4104
35705.0
35922.087468749996
35923.7
35933.6999
35900.0
35933.685
35933.69
35933.6911
35975.53445
36010.069449999995
35957.2871
36010.07
36010.07
36010.07
36010.0695
35984.85
36010.0695
35945.08905
35941.0
36010.0695
36010.0599
36010.07
35625.8174
36010.07
35706.6821
35770.517
36010.06
35687.6942875
35603.0
35603.656
35674.5636
35699.792
35642.2818
35718.7979
35535.257475
35206.734843750004
35608.7898
35101.5086
35101.5086
35101.5086
35101.4475
35101.4475
35100.65160625
35120.0
35101.0001
35100.0011
35099.2031
35099.0011
35099.2031
35100.0
35150.0
35120.023
35140.0
35088.015
35137.0
35050.8775
35000.71896875
35000.0497
35000.0
35000.0
35000.0497
35000.0497
35000.0224
35000.0
35000.0496
35031.363
35000.2624
35000.0
35000.001
34814.8875
34750.3655
34797.9339
34797.9339
34733.415
34898.9669
34741.6667
34729.33335
34723.081925
34741.6667
34999.9999
34717.0
34741.6667
34741.6667
34741.6667
34730.8303
34741.6667
34741.6672
34742.0
34800.063924999995
34800.0105
34800.0105
34838.9632
34993.702234375
34746.615724999996
34994.9999
34900.0
34900.0
34997.9998375
35090.0
35000.01
35140.0
35296.5
35297.0
35200.0
35125.04905
35175.299
35284.0544
35284.2068
35150.0
35150.0
35150.0
35150.0
35150.0
35132.00525
35489.9398125
35495.0
35150.0
35150.0
35111.2972
35018.081178125
35001.0001
35149.5649
35020.0
35438.0257171875
35474.681
35022.0001
35060.181
35022.505000000005
35022.01
35025.0
35063.0005
35094.0011
35095.0005
35095.0
35098.0
35098.0
35098.0005
35098.6705
35099.2802
35099.2716
35099.263
35102.6715
35378.4323
35102.6715
35377.8632
35371.0058
35371.0058
35160.969
35160.864499999996
35407.5023125
35445.4042
35138.0472
35138.046650000004
35443.9989
35443.9989
35443.9989
35443.9989
35443.9989
35443.9989
35443.9989
35443.9989
35443.9989
35443.9989
35448.9995
35285.188299999994
35449.997650000005
35254.1
35254.00375
35260.0005
35263.0017
35263.0011
35263.0005
35263.0005
35263.0005
35263.1805
35263.1854
35263.1805
35400.0
35427.9989
35427.9989
35427.9989
35266.6623
35255.7418625
35445.999965625
35143.631649999996
35106.0005
35449.0148
35531.977425
35643.750499999995
35796.90228828124
35600.0
35800.0
35800.0
35600.2011
35787.9988
35305.0
35787.9988
35388.2533
35403.0
35787.8306
35787.9983
35787.9983
35405.6456
35406.46956328125
35697.9164
35768.4857125
35780.0
35780.0
35780.0
35800.0
35800.0
35800.0
35801.1491
35922.81243991089
35958.239975000004
35958.24
35780.02
35640.0
35780.02
35780.02
35750.0
35750.0
35749.8182
35780.02
35898.9994
35650.040550000005
35600.0
35600.0011
35825.9988
35825.9988
35627.313500000004
35814.99945
35660.0011
35799.9984
35779.9995
35779.998949999994
35779.9984
35676.809
35550.0021
35550.0021
35550.001
35501.0
35720.0
35700.8079
35690.01
35517.2501375
35503.2775
35650.0011
35650.0
35650.0
35650.0
35649.9984
35357.975349023436
35351.0001
35351.0001
35350.579
35351.250100000005
35449.0
35351.0001
35383.0
35494.9997
35498.9989
35405.0011
35405.0
35410.9005
35400.0
35351.0001
35350.0
35350.0
35483.0
35351.00005
35372.199
35351.0
35351.0
35351.0
35350.0
35350.0
35350.0
35350.0
35351.0001
35260.4927
35260.528
35260.528
35260.4474
35260.4475
35260.4475
35260.4474
35260.4474
35240.4474
35023.315
35001.4252
35001.0
35001.0
35001.0001
35001.0
35001.0001
35048.0935
35048.0935
35053.0024
35122.28845
35123.0022
35123.0022
35030.9755
35123.0022
35015.502949999995
35136.3556
35090.0
35149.9999
35150.0
35110.4
35010.0
35001.0
35001.0
35001.0
34900.0001
35060.975437500005
34902.0
34902.0
34902.0
34902.0
34900.50005
34996.99975
34615.666100201415
34666.0
34600.0
34508.7134375
34501.0
34500.25
34445.0
34414.044250000006
34464.45205
34893.52478125
35029.29
34884.99
34884.99
35004.720799999996
34521.0001
34541.2605
34543.0111
34551.0
34819.74995
34986.921603124996
34977.0
34977.99975
34885.27
34508.0
34393.50055
34413.0
34413.0
34410.0111
34410.01
34410.0012
34853.605446875
34932.380000000005
34800.0
34600.0
34923.6097
34964.98
34964.98
34960.0
35042.052500000005
35091.98
34800.0011
35138.70368125
35175.1349
35178.66
35197.9
35178.66
35175.1349
35200.0
35175.1349
35200.0
35200.0
35200.0
35175.1349
35199.99
35199.99
35199.99
35175.1349
35122.45
35198.0
34644.420355078124
34762.4605
35285.157761328126
34960.0016
35100.0011
35101.0023
35219.9888
35111.0011
35111.0011
35206.859025
35105.001
35249.9989
35102.0011
35102.0011
34858.005
35187.785
34830.8753
35231.5695
35088.05990625
34823.0
35000.0
35000.0
35000.0
35000.0
34828.0
34731.0
34735.7525
34731.0
34731.0
34898.9989
34898.9989
34898.9989
34761.933675
34909.815
34998.994175
35097.5
34900.0029
34900.0034
34999.9989
34999.99945
35000.0
35200.0
34945.0011
35189.9989
34950.0016
35264.219475000005
35327.87
35450.0
35447.25
35515.125
35520.49945
35490.0
35490.0
35490.0
35320.0011
35226.4833
35226.4833
35226.4833
35226.4833
35226.4833
35226.4832
35223.3582875
35155.055
35155.0117
35161.8625
35430.0
35589.9989
35387.273725
35345.94
35400.0
35597.99842890625
35418.86
35590.0
35590.0
35590.0
35590.0
35590.0
35594.4994
35350.0116
35350.0116
35345.940650000004
35579.9989
35579.9989
35568.0
35568.0
35568.0
35250.3253
35250.32715
35250.32135
35088.860025
35085.08365
35434.4677
35250.0016
35280.0
35225.1733
35390.0
35225.1727
35349.9784
35225.1727
35146.296075
35067.519
35067.4380125
35010.07095
35085.0
35184.4998375
35010.03
35004.5
35006.001
35069.9999
35108.0015
35149.0
35158.0
35013.0
35209.7705
35319.99945
35337.50055
35223.0076
35576.8725
35579.5
35469.65
35580.0
35598.0
35600.0
35692.698724999995
35739.3025125
35999.62691475592
35707.3611
35707.3611
35999.9989
35712.3637
35999.9989
36001.999725
36004.0
36010.0804
35963.1780875
36362.8539149952
36309.869099999996
36269.361875
36404.05500625
36498.1180890625
36229.443
36364.81
36402.4784
36453.6889
36255.0175
36255.0
36254.78005
36254.8101
36254.81
36254.8002
36229.0
36162.040525000004
36004.01
36003.01
36000.01
36000.069375
36000.1264
35820.7497
35820.5701
35820.57015
35894.9989
35889.9989
35889.99945
35890.0
35980.0
36305.690868749996
36355.7
36499.89
36500.0
36335.0
36340.0005
36500.0
36693.187154736326
36700.0
36537.89
36618.945
36700.0
36699.9994
36674.63
36699.9999
36699.9999
36699.9999
36700.0
36784.50401162109
36800.5954
36800.5954
36800.5954
36800.5954
36800.60095
36800.5982
36800.5954
36800.5954
36782.15
36777.0026
36541.0878
36714.0
36289.291659375
36714.352750000005
36714.3533
36714.3533
36862.947700000004
37014.640315527344
36993.0
36993.0
36993.0
37038.18620625
37044.0
37044.0
37044.0
37045.0
37045.9893
37045.0
37047.7988
37078.0598
37083.783
37097.9995
37097.9995
37083.783
37080.0
37080.0
37064.0299
37099.0
37050.0
37050.0
37020.0
37075.8
37075.799750000006
36993.0
36993.0011
36993.0000875
37069.7498625
36276.90764875489
36793.79
36280.5462
36280.2291
36290.00055
36279.9371
36400.0
36480.02351875
36153.6247
36135.3661
36121.250675
35985.159603125
36003.1705
36320.0
36211.61655
36280.5451
36110.173125
35692.806506249995
36042.3094
35690.0
35690.0
35691.153999999995
35701.146649999995
35830.729900000006
35805.81231875
35879.127649999995
36087.1216
36085.3982
35873.167499999996
35901.0006
35858.5354
35852.01
35776.49250000001
35700.98
35674.380025000006
36081.820825
35787.49
35671.54414375
35583.5835
35044.50219057617
35601.0
35630.0
35929.0968
35873.0496
35799.6846
35799.5226
35541.88
35541.88
35497.3125
35799.5859
35424.66
35386.63
35386.63
35500.0
35500.0
35499.9999
35499.6109
35499.6109
35499.6109
35499.6109
35499.6109
35569.99995
35078.1464546875
35310.28
35266.095
35255.0
35255.0
35460.5707
35460.5707
35333.0
35300.1611
35298.766
35298.766
35300.1611
35298.7665
35300.1611
35565.526840625
35298.9675
35579.9989
35579.9989
35325.0453875
35677.5286625
35425.7355
35520.417
35914.8983
35913.9989
35913.9989
35898.59
35894.59
35893.59
35892.668000000005
35889.9
35889.95
35891.795
35890.0
35890.0
35894.59
35895.59
35890.0
35936.38
35890.0
35890.0
35889.0
35889.0
35700.1978
35700.1978
35723.52
35700.1978
35610.985525
35675.19
35675.1884
35675.1884
35610.1688
35522.5379
35300.0
35300.0
35298.781
35400.0
35399.9973
35298.8291
35298.7671
35462.2795
35539.75945
35539.76
35506.4395
35339.765712500004
35298.766
35086.713475
35015.0
35015.00055
35011.25125
35010.0
35010.1375
35020.08425
35200.0
35060.316812499994
35100.0001
35100.0
35100.00005
35100.0001
35247.97445
35247.9789
35110.148
35055.366685156245
35010.01
35010.01
35005.00125
34948.0
34920.0
34920.0
34903.7504375
34783.994475
34745.01
34722.5025
34777.0
34700.0
34700.0
34700.0
34700.0
34700.0
34343.06857597656
34328.8453
34328.8453
34328.8453
34328.8453
34328.8453
34328.8453
34328.8453
34328.8453
34328.8453
34328.8453
34328.8453
34328.8453
34328.84
34328.84
34328.84
34328.84
34328.84
34769.0
34444.343049999996
34570.49975
34684.3524
34679.755
34470.56325
34649.407900000006
34444.000325
34411.750025
34401.078
34449.99945
34334.429146875
34419.9995
34345.01
34317.152
34317.152
34303.5
34303.5
34303.5
34303.506850000005
34290.0
34290.0
34290.0
34272.4701
34272.4701
34250.0623
34245.74055
34241.45
34272.4696
34241.481
34162.500025
34200.0622
34150.0915
34150.0915
34229.234525
34250.0089
34250.0622
34272.4701
34449.99
34449.9999
34250.0001
34250.0
34250.0001
34250.0
34250.0001
34250.0001
34250.0
34443.9999
34443.99995
34495.0
34495.0
34496.0
34495.0
34344.05175
34443.33
34443.33
34440.272274999996
34346.11945
34007.65578801269
34179.6005
34379.9747
34379.9989
34370.0
34370.0
34442.86825
34421.6346
34493.0
34492.9995
34421.7
34493.0
34493.0
34493.9942
34493.9942
34493.99475
34421.6335
34496.9976
34373.904599999994
34578.499875
34655.88
34630.66
34198.542225
34599.9995
34131.7356
34115.1
34448.4045
34115.1
34448.404
34115.26665
34400.0
34400.0
34132.691699999996
34115.1
34115.1
34115.1
34001.363
34001.5623
33973.71444746094
34377.777149999994
34050.126449999996
34296.615
34086.7306
34090.0011
34090.0001
34090.0001
34078.3658
34086.7306
34185.889375
34285.49905
34486.3834
34499.0
34495.0
34495.0
34586.0
34494.81965
34587.799725000004
34752.6355625
34648.2311
34776.9999
34648.2411
34648.2411
34648.24055
34648.235
34648.23
34729.9989
34617.978609375
34700.0
34689.0
34664.9984
34368.840215624994
34339.24235
34595.9978
34595.9978
34863.37237036132
34680.0
34680.12165
34680.102199999994
34455.559281249996
34500.0
34699.9988
34699.999675
34448.0021
34700.0
34505.12415
34505.1461
34505.1461
34650.0
34650.0
34650.0
34650.0
34650.0
34650.0
34650.0
34650.0
34650.0
34649.9999
34650.0
34650.0
34650.0
34650.0
34649.9999
34606.0205
34639.49975
34650.0
34606.0635
34496.616
34413.57370407409
34643.46635
34643.0708
34643.0708
34642.1919
34640.377
34493.1497
34493.1497
34493.1497
34566.763300000006
34640.3769
34640.3769
34650.0
34650.0
34650.0
34650.0
34650.0
34650.0
34725.0
34651.0024
34791.0374
34660.0012
34660.001749999996
34723.11555
34780.9989
34699.0
34660.0
34660.0
34660.0
34660.0
34518.5068375
34511.9157
34501.602
34498.9824
34410.0001
34410.00005
33958.62942294922
34365.473450000005
33942.47695
33942.181712499994
33828.4461875
33800.0
34050.0
33799.9989
33799.9989
33800.0
33838.40905
33856.093725
33830.3643
33876.8181
33876.8181
33876.8181
33985.549
34077.0
34240.0
34131.02755
34237.9995
34131.0
34199.672
34162.0
34177.276249999995
34132.5
34132.0
33997.1147875
34132.0
34126.9995
33985.0
33741.2620125
33522.65465
33501.9381375
33984.9989
33481.61975
33239.012005224606
33122.5241
33122.5241
32910.82090546875
33072.3371
33072.3371
33072.3371
33072.3371
33072.3371
32975.35034999999
32878.3636
32878.3636
32878.3636
32878.3636
32878.3636
32878.3636
32878.3636
32878.3636
32878.3636
32878.3636
32878.3636
32878.3636
33161.25755
33254.8268
33254.8268
33254.8268
33254.8268
33129.475900000005
33254.8268
33254.8257
33254.82625
33254.8268
33254.8268
33254.8268
32997.240237499995
33091.255900000004
33254.8268
33254.8268
33254.8268
33304.71
33394.6728
33394.6728
33394.6728
33394.6728
33394.6728
33394.6728
33394.6728
33394.6728
33394.6728
33394.6728
33394.6728
33394.6728
33394.6728
33394.6728
33394.6728
33394.6728
33394.6728
33394.6728
33394.6728
33394.6728
33394.6728
33394.6728
33394.6728
33394.6728
33394.6728
33394.6728
33394.6728
33394.6728
33399.1612
33399.1612
33646.4258
33799.9995
33395.1324
33394.6741
33395.1108
33395.0
33394.785
33352.3366625
33395.0
33395.0
33395.0
33394.9989
33310.0011
33310.0011
33310.0011
33310.0011
33310.0011
33352.00055
33179.1725
33394.0
33394.0
33393.9989
33393.9989
33393.9988
33393.9988
33299.9989
33299.9989
33299.9989
33299.0
33299.0
33298.99945
33299.0
33298.9999
33080.0
33298.9999
33298.9999
33298.9999
33298.9999
33297.0
33297.0
33296.9995
33296.9995
33296.9995
33296.9995
33296.9995
33295.0
33295.0
33294.9995
33100.11615
33294.9995
33100.219
33100.219
33101.0
33283.62218125
33200.0
33101.0011
33199.99945
33101.1001
33101.1001
33150.550050000005
33200.0
33200.0
33101.0011
33101.0111
33150.50555
33200.0
33286.499737499995
33299.9995
33101.0111
33200.9995
33300.0
33300.0
33200.9995
33250.49975
33349.99945
33120.154775
33120.0
33120.0
33120.0
33300.0
33300.0
33300.0
33121.0122
33372.55375
33524.9692
33568.99995
33638.4693125
33671.9159
33686.08895
33560.0
33515.2675
33500.58
33500.58
33500.58
33500.58
33500.29
33697.0
33500.0
33500.0
33502.0
33500.144
33500.0022
33500.144
33501.1791
33501.1791
33501.0078
33501.0939
33501.092749999996
33587.09
33500.576499999996
33500.0
33228.524825
33154.505575
32993.6264375
32933.0001
32933.0001
32931.5
32956.2
32930.0
32930.0
32930.0
32930.1
33000.0001
32989.8
32930.1
32930.1
32930.1
32930.1
33001.0001
32959.13685
32927.68
32927.68
32927.68
32927.68
33001.0001
32962.7273
32962.7273
32945.2
32927.68
32927.68
32927.69
32950.0
32950.0
33252.3855125
33152.7273
33160.01
33354.565746875
33407.0
33300.4265
33342.609625
33301.0636
33499.0
33316.4572625
33499.0
33420.0
33489.0
33300.09955
33460.0295
33412.289975
33216.02805
33349.9996
33325.0001
33350.0
33350.0001
33350.0
33350.0
33350.0
33401.7843
33423.89215
33410.0
33410.0
33447.0
33461.075
33441.09
33437.06664999999
33432.7
33435.4
33430.0
33429.9995
33364.35
33394.4995
33007.7188375
33151.0
33396.9
33398.987475
33400.0
33530.704475
33300.0
33579.5
33568.99975
33535.55
33535.55
33332.2555
33580.0
33580.0
33373.6736
33579.99945
33594.276175
33677.883925
33703.99
33703.0
33704.0
33750.0
33700.023499999996
33700.0
33750.0
33750.0
33700.0
33700.0
33700.0
33611.4463
33612.0011
33612.01
33698.9989
33699.99945
33700.0
33620.0011
33699.9989
33699.9989
33699.99945
33700.0
33700.0
33749.9999
33749.9999
33749.9998
33771.12984375
33775.3099
33803.25
33880.4343
33880.4343
33987.78146875
34017.0871
34046.27105
34062.559
34083.986699999994
34098.85
34066.27
34021.0
34009.871750000006
33995.29
33767.088028125
33529.1594875
33705.9972
33600.0003
33600.0
33596.0
33555.3988
33450.28
33425.11
33430.3988
33430.3988
33425.104999999996
33430.3988
33425.10265
33121.492
33426.39705
33428.398499999996
33430.3988
33426.0
33430.3988
33430.3988
33430.3988
33430.3988
33430.3988
33430.3988
33426.0044
33499.9
33250.65675
33230.8728
33399.806
33399.285
33398.6658
33211.76475
33329.1584
33211.8661
33094.9364375
33056.2702
33236.88
33100.00005
33297.2133
33336.83103125
33404.0
33403.9999
33403.9999
33403.99995
33404.0
33404.0
33404.0
33404.0
33489.99
33489.99
33426.03
33488.0
33489.99
33893.627172265624
33900.0
33746.269
33899.343
33746.4232
33808.0
33808.0011
33808.0011
33808.00055
33746.4113
33534.1859
33750.0
33601.5071
33886.343
33663.92615
33892.49445
33976.8159875
34003.765
34094.951325
34050.0
34098.99
34098.99
33903.0
34098.473
33950.067425
33950.002525
34000.0
34000.0
34100.7361125
34000.0011
34000.0
34000.0
34000.0011
33981.525
34000.0
33999.9995
33999.9
33999.9
33999.95
34077.750062499996
34104.0
34122.453375
34140.0
34140.0
34170.1469
34170.4886
34170.4923
34185.6011625
34195.0
34200.0
34200.0
34200.0
34200.0
34170.4886
34050.05275
34149.9979
34050.0011
34149.9952
34050.0011
34050.00055
34050.0
34050.0
34050.0
34050.0
34050.0
34050.0
34050.0
34050.0
34050.049
34060.775
34050.0
34050.0
34050.0
34050.0
34050.0
33849.91
34147.9989
34147.9989
34230.113221875
34149.9995
34033.1181
34033.0011
34033.0011
34033.00055
34033.00945
34033.0
34033.0
34033.0
34033.0
34033.0
34033.0
34033.0
34033.0
33936.8985
33849.91
33849.91
33849.91
33850.0931
33587.259825
33513.79258750001
33504.1844
33504.01
33503.287
33503.01015
33749.9999
33848.9999
33848.9999
33849.2549
33991.11603125
34019.5
34135.6
34000.0
33999.0
33950.0
33999.0
34178.06684296875
34190.0
34185.9682
33977.3908875
33944.2372
34160.0
34000.0
34000.0
33950.243
34088.07
34176.14
33975.065
34200.0
33852.509999999995
34161.969
33704.73445
33704.0292
33694.55235
33682.0901
33682.0901
33682.0901
33682.0901
33847.7379
33682.2277
33478.884096875
33456.3
33602.68765
33452.372650000005
33400.158775
33374.956699999995
33218.10368828125
33106.9253
33490.341
33481.4703
33101.0962
33470.0
33200.341
33200.341
33464.0849
33200.4706
33458.2008
33151.186675000004
32911.148096289064
32911.68116875
32834.292982812505
32782.7525
32600.213411328124
32572.6861
32627.738749999997
32682.3384
32682.734774999997
32621.55
32588.1818
32588.1818
32588.1818
32588.1818
32580.43395
32596.099325
32611.7647
32611.7647
32631.4727
32631.4727
32631.4727
32631.4727
32631.4727
32631.4727
32631.47
32631.4727
32631.4727
32631.4727
32631.4727
32631.4727
32633.85125
32636.2298
32636.2298
32636.2298
32636.2298
32636.2298
32636.2298
32636.2298
32636.2298
32636.2298
32636.2298
32636.2298
32636.2298
32636.2298
32633.85125
32636.2298
32641.543550000002
32646.8573
32646.8573
32646.8573
32678.7914
32740.3003
32669.435675
32795.0
32795.0
33054.2086
32861.772
32861.7721
33229.87045
33230.0
33230.0
33229.0
33200.7721
33200.7721
33229.5
33347.5362
33216.418
33461.8288
33461.2713
33325.441625
33466.237649999995
33091.510525000005
33433.4074625
33300.01
33464.200500000006
33452.5
33455.0
33455.0
33302.0755
33302.0
33301.178
33276.7224
33120.0089625
33045.125
33275.0
33275.8612
33299.0
33298.9995
33299.0
33298.99995
33299.0
33316.0
33458.00221875
33464.98
33373.133
33372.133
33372.133
33350.1661
33336.7335
33231.0316
33372.133
33372.133
33316.994999999995
33463.9994
33463.9994
33463.9994
33400.0645
33463.9994
33463.9997
33438.966700000004
33464.0
33416.9172
33416.8701
33400.0
33400.032049999994
33464.0
33464.5
33465.0
33465.0
33470.0
33472.5
33475.0
33477.5
33482.5
33487.5
33492.5
33400.0641
33400.0951
33498.5
33400.0001
33450.00005
33500.0
33501.0
33501.5
33400.00005
33400.0
33400.0001
33400.0
33501.9999
33400.0
33293.0821
33501.9999
33401.99985
33401.9999
33500.0
33500.0
33499.9995
33385.37065
33385.3706
33385.3706
33342.255000000005
33499.99995
33500.0
33500.0
33410.0
33407.0
33352.5
33301.049025
33449.9972
33444.181
33478.53842499999
33489.9909
33508.0
33619.456525390626
33701.71939375
33719.0
33839.082800000004
33850.065
34067.68950218978
33624.1016
33750.065
33750.065
34058.1084
33979.99945
33888.0032
33979.99945
34070.0
34059.9995
34059.9995
34054.99975
34058.0
34058.0
33861.4521
33861.4521
33861.4521
33861.4521
33760.427899999995
33861.451
33861.4521
34038.3040125
33693.223849999995
33854.0005
33854.0016
34069.0
33854.0021
33854.0033
34052.9973
34000.9
33998.0
33865.0
33997.9895
33989.0
33990.0
33865.500275
33865.0
33979.9989
33989.99945
33990.0
33990.0
34221.89082910156
34277.7777
34276.0
34000.0016
34276.0
34276.0
34276.0
34276.0
34276.0
34292.7186625
34300.0
34300.0
34428.18508363037
34226.0012
34380.8789
34380.8789
34369.8899
34369.889
34369.8899
34370.0
34233.01
34432.8899
34432.8898
34312.0021
34432.0
34399.9999
34399.9995
34131.0012
34099.9999
34150.0011
34388.4
34388.3899
34335.5295
33970.0143
33970.0145
33970.5078
33970.0145
33970.0156
33632.91521875
33533.012525
33624.0
33624.0
33624.0
33624.0
33624.0
33624.0
33624.0
33848.9745
33615.8628
33615.6358
33615.8198
33501.063375
33774.269
33501.070775
33501.0
33370.0
33341.195049999995
33314.322537500004
33497.76345
33497.3769
33495.080050000004
33583.9988
33583.9988