29919
29909,9999
29919
29910,001
29988,9788
29919,9999
29919,9999
29919,9999
29919,9999
29919,9999
29919,9999
29919,9999
29911,9799
29919,9999
29984,9885
29984,9885
29984,9889
29919,9999
29912,9949
29895,0306125
29839,9999
29749,3184375
29552,8569875
29487,9
29706,403
29706,403
29706,403
29537,6826
29652,0004
29706,403
29706,403
29654,0004
29654,0004
29700
29700
29697,994
29585,0011
29699,99945
29706,40355
29735,4189
29798
29707,97003125
29792,9989
29796,4998625
29828,42445
29840
29841,0957125
29880,7179
30009,6689426147
29890,0011
29916,2021
29916,351825
30015,01
30019,999
30034,44745
30083,2299488281
30091,112525
30121,45131875
30129,1
30129,1
30145,2741875
30149
30159,59
30159,49
30094,1204
30094,8909
30176,701
30095,5729
30095,7759
30297,4053699463
30095,7737
30286,0463
30299,9977
30301,49978125
30330
30384,143390625
30404,404
30404,404
30404,404
30404,404
30412
30404,604
30404,604
30404,404
30404,4578
30404,404
30404,404
30163,5311
30411,9985
30173,8862953125
30164,6632
30453,7617703613
30164,6643
30460
30171,4892
30410,1989
30410,1989
30410,1989
30205,098325
30148,7645265625
30132,8201
30114,254
30114,2541
30095,1772078125
30094,6887
30038,603525
30020
29880,149278125
29843,15
30139,9889
30028,13055
30028,1233
30028,12855
30050,511
29999,9955
30049,9985
30014,399
30095,55826875
30097,122
29938,2215
30100
30135,9896
30135,9992
30135,9992
29961,558925
30000,0011
30009,6535
29963,91
29833,8807625
29800,21525
29775
29787,5
29775
29775
29775
29775
29775
29775
29775
29775
29775
29775
29775
29775
29780
29752
29709,75
29504,000025
29500
29613,4877
29541,0116
29775,9299
29729,99945
29441,0099
29583,5988
29583,5999
29585,5949
29730
29730
29441,0099
29333,6469176841
29258,71325
29205,68975
29199,36
29238,715
29278,16945
29251,49
29321,93
29326,3661
29375,2188
29375,4207
29377,2279
29406,48
29447,7699
29447,77
29375,5689375
29308,6178
29251
29375,1294
29258,0176
29419,9989
29356,7489
29356,7489
29258,010875
29256,0165
29397,7489
29396,9965
29406,3299
29452,5212
29278,41015
29278,2096
29275,4065
29275,3565
29275,4011
29275,4011
29275,4011
29392,45215
29422,561575
29452,6222
29453,2604
29475,6886
29491,12324375
29507,3838
29378,6207129883
29506
29506
29506
29419,00265
29506
29507,2959
29513,9702
29514,485
29534,58985
29509,36505
29488,8975375
29560,0307875
29568,199
29567,5
29594,55045
29445,932
29500,9862
29621,327034375
29720,130025
29623,99
29623,9999
29624
29747
29747,9999
29592,4046
29569,900275
29551
29506,178790625
29502,0418
29550,899
29550,8996
29318,4128368652
29484,2315
29484,2174
29268,4450083984
29045,361962129
29389,18
29196,5209
29196,5209
29196,4216
29193,4216
29202,0184
29266,3296
29011
29130,95
29015
29000,0712107666
28969,73
29003,38
29000,74
28900,5886
28900,5875
28900,4861
28900,2011
28888,1005
28906,5296
28906,5296
28906,5
28987,934975
28658,4863478516
28721,4167
28721,4156
28721,4156
28721,41615
28721,4167
28699,630375
28703,8004
28703,8046
28721,4167
28721,41875
28721,5554
28721,4179
28723
28721,8432
28721,4167
28694,238425
28614,157215625
28681,51855
28743,888
28743,888
28743,888
28743,888
28743,888
28743,921075
28951,9889
28740,6665
28742,2711
28949,8806
28949,8806
28989,361225
29015,8008
28910,1431
29153,5399435547
29169,995
29158
29158
29158,1
29032,2011
29008,0876375
29000
28913,7321
28829
28900
28812,72605
28822,1274
28800,4321
28804,771
28743,705
28738,41
28738,41
28618,134328125
28508,47890625
28502,252
28531,4167
28531,4167
28531,4167
28692,07115
28501,2363
28699,465
28675,545
28662,012
28550,3155
28500,3958695312
28657,4274
28613,9612
28600,0286
28599,5074
28600,2971
28614,3968
28611
28610,98
28610,98
28610,98
28605
28567,608
28567,608
28567,608
28586,304
28607,99
28610,985
28610,99
28610,99
28614,4468
28733,8219
28852,9989
28851,9989
28797,998
28794,9684
28780,7074
28780,4988
28780,4988
28651,00055
28780,4789
28777
28776,9989
28776,99945
28777
28776,3488
28771,3288
28770,30915
28771,3
28742,5187
28768,29
28768,29
28768,29
28768,30355
28768,3182
28768,3182
28768,3182
28768,3182
28768,3182
28813,997125
28842,22
28842,2199
28842,2199
28853,147
28853,147
28874,5052
28720,5817625
28874,3952
28874,5051
28874,5051
28696,89345
28874,4501
28873
28872,9999
28872,9999
28543,008446413
28872,7349
28672,2411
28671,576
28670,90435
28669,8831
28664,3676
28599,573
28599,0666
28422,343246489
28425,70835
28431,4167
28431,0237
28424,8255
28424,3923
28424,3923
28424,3923
28424,3923
28445,3566125
28420,08935
28450,1301
28447
28448,5
28450,6301
28450,6301
28450,6301
28450,6301
28450,6301
28420,2306
28420,0153
28450,5801
28450,6301
28450,6301
28450,6301
28450,6301
28554,692934375
28550,652
28556,0204
28672,1989
28610,1
28610
28610
28671,9
28672,481675
28725,4
28725,4
28725,4
28725,5
28802,6868625
29037,0318351562
28876,97
28876,97
28876,97
28876,97
28876,97
28876,97
28876,97
28875,562
28878,6373
29089,42745
28752,29055
28871,5763
29045,2896
28948,2585
28944,7627
28944,5586
28826,2013
28826,20055
28843,19
28950,4911
28948
28948,999725
28950
28899,9996
28899,9996
28899,9996
28834,695325
28800
28778,31
28800
28751,32
28950,4911
28800
28707,792678125
28823,1919
28798,9985
28798,9974
28780
28677,68979375
28675,8979
28675,8969
28490,648060791
28675,8958
28675,8958
28504,03
28669,4363
28669,4363
28669,4374
28669,48795
28696,58765
28755,6739
28699,4393
28787,465
28787,527425
28787,7862
28802,0004
28825,2456
28860,3746
28950,4922
28950,4922
28950,4922
29190,8188039062
28980,0978
28975,8873
28976,0011
28976,0011
28975,943375
28974,653
28755,993278125
28230,4684548137
28305,8623
28305,8623
28305,5453
28260,0236
28231,4167
28268,481
28446,952575
28784,3175
28617,94
28801,3861
28831,4866
28600,613
28950,10956875
28799
28879,5
28970,78
28970,78
28970,75
28970,75
28970,7499
28970,7499
28914,151
28970,7499
28907,0757
28985,37745
29000
29000
29000
29000
29000
28903,0123
28951,50595
28900,0011
28999,9981
28999,9989
28999,99945
29000
29000
29000
29000
29000
29000
29000
29000
29000
29000
29000
29000
29000
29000
29000
29014,415
29065,07605
29199
29289,1337515625
29199,9999
29013,8933
29297,9099
29092,085
29290,1299
29092,1237
29396,6359900818
29474,97376875
29487,4
29487,4
29487,43
29487,4
29487,4
29464,89
29487,4
29487,4
29487,4299
29487,4
29109,5871
29127,4207
29196,412225
29399,99
29237,598
29286,9985
29251,4996
29309,7996
29275,9984
29199,9996
29145,0771
29118,8924
29118,8924
29021,942434375
29004,1117875
29000
29000
29233,98
29010
28910,0001
29104,9818
29104,9818
29104,9818
29104,9818
29104,9818
29104,9818
29104,9818
29104,9818
29104,9818
29115,942625
29121,0966
29130,204475
29133,0419
29251,885425
29421
29421
29421
29464,2497
29488,9998
29421,6
29488,99985
29421,6
29421,4
29421,2
29300,4026
29300,4037
29300,4022
29300,2011
29421,2
29300
29109,87
29417,3008
29162,7111
29072,3252796875
29067,3681
29159
29074,5201
29080
29063,4521
29063,4521
29063,4521
29063,4521
29082
29020,688825
29150,9974
29147,6896
29099,9999
29099,9999
29099,9999
29099,9999
29099,9999
29099,9999
29099,9999
29140
29140
29139,9999
29139,9999
29139,9999
29139,9999
29139,9999
29139,9999
29129,49995
29139,9999
29139,9999
29139,9999
29145,7427375
29196,99
29149,9312
29149,9312
29225,6789
29225,6789
29152,69055
29129,9127
29129,92
29026,832591748
29064,34005
29089,9985
29060
29002,3900125
29000
29000
29000
29000
29000
29000
28904
29039
29039
29061,998
29064
29064
28904,4586
28904,0004
28904,0004
28904,0004
28904
28904
28903,448
28881,93
28903,448
28903,448
28903,448
28903,448
28998,3619
28843,267
28850,2
28800,00005
28800
28800
28800
28800
28802
28800,01
28661,402228125
28714,19
28621,675
28799,9989
28799,9989
28799,9989
28718,1911
28778,9996
28778,9996
28778,9989
28778,9975
28778,9941
28619,479328125
28774,9989
28774,9985
28700
28737,495
28903,287540625
28990,86
28854,5451
28971,8389
28854,5481
28970
28968,99945
28969
28969
28968,98
28968,98
28968,99
28968,99
28968,98
28968,8996
28968,8984
28839,58365
28825,2163
28825,2163
28920,6978
28760,103290625
28725,2163
28810,9334
28896,6994
28896,6994
28833,8902
28804,1911
28775,3718
28850,4458
28896,6994
28761,4015
28761,3002
28761
28937,65748125
28965,895925
28965,8976
28965,9488
28950,4211
28950,4211
28950,4211
28950,4211
28950,4211
28950,4211
28950,4211
28950,4211
28950,4211
28950,4211
28950,4211
28994,95101875
28887,952775
28825,7102
28812,77955
28904,8547
28982,9989
28976,9955
28989,4727375
28999,9999
28999,9999
28999,9999
28999,99995
29000
29000
29000
28999,9999
29000
29000
29000
29000
29000
29000
29000
29000
29000
29000
29000
29000
29000
29000
29000
29000
29000
29000
29000
29000
29000
29000
29000
29000
28999,9999
29000
29000
29000
29000
29000
29000
29000
29000
29000
29000
29000
29000
29000
29000
29000
29000
29000
29000
29000
29000
29000
29000
29000
29000
29000
29000
29000
29000
29000
29000
29000
29000
29000
29000
29000
29000
29000
29000
29000
29000
29000
29000
29000
29000
29000
29000
29000
29000
29000
29000
29000
29000
29000
29000
29000
29000
28999,9999
29000
29000
29000
28999,9999
29000
29000
29000
28928,60995
29000
28999,9996
28999,9996
28999,9996
28857,210575
28999,9989
28999,9985
28999,9996
28999,9996
28999,9996
28999,9992
28999,3066
28902,00055
28902
28901,5038
28879,1017
28999,3066
28890,1
28880,0001
28890,01
28890,01
28873,60505
28857,2005
28999,3055
28999,82643125
29000
29000
28999,99
28999,995
29000
29000
28859,006
28998,9996
28998,9996
28998,9996
28997,9996
28998
28998
28998
28997,9996
28997,9996
28960
28998
28997,9996
28997,9996
28997
28960
28960
28960,0004
28994,99995
28995
28994,9999
28994,9995
28997,2499625
28997,9996
28859,2782
28997,9985
28989,9989
28989,9989
28989,99945
28990
28989,9989
28994,999725
29000
28999,9991
28999,9991
28999,9995
28999,9995
28999,9995
29000
29000
29000
29000
28999,9996
29000
29000
29000
29005
29010
29132,2916
29198
29198
29198
29246,005
29200
29199,9999
29199,9999
29199,9999
29199,9999
29199,9999
29199,9999
29199,9998
29199,9999
29199,9999
29275,555784375
29201,4048
29200,7525625
29297,9489
29201,0011
29201
29299,9988
29299,9973
29299,99685
29299,9988
29299,9988
29377,563165625
29398,9998
29398,99
29202,0026
29202,006
29399,749946875
29493,5797617187
29539,7755929687
29237,8386
29460,999
29241,1937
29460
29270,0011
29338,0011
29400
29315,2104
29319,9989
29259
29259,5
29233,69043125
29231,10495
29253,1196
29231,1044
29253,1197
29253,1197
29253,11975
29333,0989
29333,0999
29333,0988
29231,1074
29231,1055
29231,1055
29231,1055
29231,10495
29200,8874042969
29079,69
29004,4796
29004,47
29076,5389
28989,10035
28965,896425
28906,6165
28847,2731375
28813,75
28803,2711
28803,27055
28803,26615
28803,4396
28874,9989
28972,5138
28972,5134
28808,13055
28879,9989
28972,5134
29051,836125
29105,9999
29105,9995
28942,7496
29040,285
28999,9999
28999,9997
28999,9997
28999,9993
28836,9171125
28827,9066625
28980
28979,9989
28979,9995
28979,9989
28979,9989
28979,9989
28979,9989
28979,9989
28948,13
28835,3729
28846,2365
28846,6393
29058,294725
29163,1319625
28886,7736
29186,656675
29232
29011,0272
28989,0276
29055,0419
29231,9989
29231,9989
29231,9989
29231,9989
29231,9989
29232
29018,232
29023,2511
29023,2511
29023,25055
29023,25
29023,25
29023,25
29023,25
29023,25
29023,25
29023,25
29023,25
29023,25
29023,25
28929,602
28929,602
28929,602
28929,6024
28929,6036
28929,603
28929,6024
28961,8604
29055,2205
29055,2205
29055,2205
29231,9989
29231,9989
29136,09055
29136,0925375
29273,9874625
29172,1404
29172,1412
29172,14065
29198,1
29198,1
29198,1
29198,1
29172,1401
29172,1401
29172,1401
29172,1401
29391,5061637695
29172,1401
29172,1401
29172,0701
29172,0001
28976,4935
28837,0261
28837,0261
28839,0361
28839,6079
28839,6079
28839,6079
28839,6079
28839,6179
28839,6179
28842,6079
28842,6079
28894,3297
29249,9901
29249,9989
29194,9989
29222,499725
29250
29250
29250
29331,69
29413,38
29413,432
29413,432
29412,9996
29456,30305
29499
29500
29500,5
29501
29205,0855
29350
29493,99
29493,99
29493,99
29493,99
29493,99
29493,99
29493,99
29493,99
29493,995
29494
29494
29494
29494
29494
29494
29494
29494
29494
29535,529
29370,4227
29539,9988
29539,9988
29539,9988
29539,9988
29539,9988
29539,9988
29539,9994
29540
29540
29540
29540
29540
29540
29390,7481
29500
29376,3339
29384,1449
29499,9989
29499,99945
29500
29500
29392,2632
29499,9996
29394,343875
29390,27
29494,4997125
29390,30025
29390,29055
29390,29005
29478,9985
29477,9985
29472,9989
29477,8748625
29480
29480
29686,8948426941
29467,1049
29677,999675
29737,8302375
29480,1981
29750,1611
29525,9508
29775,040275
29804,4998
29565,0358
29859,52545625
29665,5922
29884,999675
29886,9991
29883,9987
29778,9544
29778,967
29800,0209
29880,9976
29800,0072
29700,00055
29499,358525
29499
29558
29499,01
29466,531
29499,01
29524,505
29547
29546,9989
29546,9989
29546,99
29466,51575
29549,9989
29549,99945
29550
29550
29547
29548,5
29550
29550
29550
29550
29550
29550
29528,9996
29466,5148
29437,061975
29466,5148
29466,4648
29466,5148
29409
29411
29466,5148
29528,9989
29420,003
29528,9989
29528,99945
29420,0041
29420,0041
29493,497
29493,4981
29493,498
29493,4976
29493,4976
29493,4976
29491,4972
29421,0011
29421,005
29194,5263894531
29427,5083
29427,5083
29427,5083
29149,34215
29149,1708
29421,997
29149,0001
29149,0002
29421,997
29166,2805
29166,2705
29166,2705
29169,7661
29399,5
29400
29400
29400
29399,996
29399,996
29423,9989
29423,9989
29401,0001
29401,0232
29401,0232
29421,9996
29405,2191
29422
29405,236
29423
29427,5589
29427,6091
29427,6091
29442,6894
29499,3424
29499,9968
29499,9997
29500
29499,9969
29499,9969
29499,9968
29500
29499,9969
29500
29446,033403125
29103,7563893555
29469,8989
29402,99945
29493,9999
29496,94995
29499,95
29500
29388,34175
29497
29498
29499,5
29500
29500
29500
29500
29635,2118339355
29685,5088
29685,5077
29498,0001
29683,5073
29683,5062
29683,5062
29683,5062
29682,9989
29674,99185
29668,3484
29672,9924
29681,5539
29683
29683
29535,0011
29534,4176
29534,4176
29534,4176
29534,4176
29534,4165
29529,95
29530
29498,39788125
29654,8358125
29245,6687703125
29616,1925
29599,9989
29304,7078
29304,7078
29304,7078
29333,858275
29586,9989
29574,9989
29574,6509
29549,43145
29513,208
29513,208
29513,208
29549
29549
29549
29549,388
29466,45535
29547,9166
29589,692
29589,692
29589,692
29590
29590
29592,5
29615
29615
29615
29615
29615
29615
29615
29614,99
29589,6921
29589,6921
29614,99
29614,99
29589,6921
29611,9888
29611,9888
29611,9888
29611,9801
29611,9888
29611,9888
29615,59645
29645,860775
29624,7262
29625
29625
29625
29624,9264
29646
29646
29510,9062944336
29622
29621,9988
29621,9994
29618
29618
29618
29644,171875
29771,1870910156
29798
29798,5
29799,96
29799,1
29799
29800
29800
29800
29800
29799,2
29799,01
29799,2
29799,01
29799,1999
29799,1999
29799,1999
29799,005
29799,19995
29800
29800
29800,0026
29850
29850
29850,2
29956,5723391602
29959,9999
29961,66055
29850,50545
29960
29960
29960
29969,4173
29973
29973
29973
29973
29973
29973
29973
29973
29973
29973
29980,81065
29992,474725
29998,9999
29998,9999
29998,9999
29998,999975
29999
29999
29999
29999
29999
29999
29999
29999
29999
29999
29999
29998,9999
29998,9999
29998,9999
29998,9999
29998,9999
29998,9999
29998,9999
29998,9999
29998,9999
29998,9999
29998,9999
29875,0001
29998,9999
29998,9999
29998,9999
29998,9999
29999
29999
29999
29999
29999
29999
29999
29999
29999
29999
29999
29999
30095,2811266846
30197,6589538574
30100
30200
30200
30200
30200
30299,2988440842
30310,3359
30299
30250
30325,1644875
30332
30346,38214375
30300
30334,3125
30322,000275
30388
30387,9989
30396,2498625
30400
30399
30406
30399,5
30399
30386
30386
30412
30412
30455,323
30499,5
30500
30448,9999
30500
30500
30500
30500
30499,9999
30500
30500,2474
30500
30500,4948
30500,4948
30500,4952
30500,5952
30513,7998484375
30501
30589,559725
30500,4959
30500,4959
30500,5959
30500
30550
30595
30550
30569,499725
30167,50256875
30480
30480,2
30449,2021
30498,093696875
30152,221
30554,8001882812
30598,9
30502
30598,9
30502,0011
30502,0011
30500,101475
30597,99945
30597,9989
30501,0560125
30500,01
30596,8989
30500,0189
30500,2
30597,898625
30621,8996
30621,8996
30622,29915
30646,8615875
30657,2282
30785,2344132812
30819,5931125
30945,8304523895
30825
30778,6141
30657,4018
30660
30657,2293
30633,6191
30603,0102
30603,7649
30604,0204
30604,0204
30604,0204
30602,01005
30602,02
30602,02
30610
30620,2
30748
30747,98945
30748
30757,9996
30757,9996
30748,2
30799,9748
30800
30796
30786,9988
30786,9988
30614,9981736328
30607
30697,8978
30697,8978
30718,28185
30739,2
30739,3
30694,4412
30796,0986707031
30860
30850
30860
30872,719275
30936,561596875
30850,6022
30900,1
30850,375275
30805,61
30805,585
30810,9
30805,4104
30810,9
30850
30928,7820625
30850,2011
30850,2011
30850,2
30806,216
30850
30850
30850
30850
30850
30850
30850
30850
30840,0004
30840,0004
30842,0004
30850
30850
30850
30850
30969,77843125
30999,502978125
30987,2375
31243,2086826166
31241,6
31200,0108
31249,9977
31247,74
31011,2
31223,869725
31012,0503
30866,2764667969
31200
31199,4429
31199,4418
31199,58015
31100
30950,8364
31218,2177
31218,2177
31135,2448
31135,2448
31247,1206
31247,1202
31124,10055
31197,99945
31198
31200
31067,55
31011
30966,4675125
30950,3841
31001,00055
31001,15
31075,0037
31075,0037
31001,30055
31070
31070
31070
31075,0048
31075,0037
31002,3501375
30960
30960,0011
31058,9989
30961,0011
31057,99
31059,8989
31064,224725
31068,9996
31058,199
31058,199
31058,199
31058,0444625
31050
30960,4033
31049,99945
31050
31049,99675
31043,9996
30961,00055
30961
30961
31043,9973
31043,9969
31043,9958
31043,9958
31043,9969
31043,9958
30955,1082078125
30955,49995
31004,3484
31004,35
31004,3494
31004,35
30977,1744
31004,35
31004,35
31004,35
31004,25
30960
30960,1
30999
31033,95
30970,202
31068,9989
31068,9989
31184,4204927246
31197,01
31069,0006
31195,3178
31085,99055
31069,5522
31069,3011
31069,2001
31069,2001
31069,09945
31068,9989
31069,05
31021,99945
31000
31003,0004
31003,0004
31003,0004
31000
31000
31000
31000
31000
30971,743765625
30955,650025
30910,0017
30925,0001625
30930
30900,0001
30900
30929,9
30929,95
30929,99945
30930,100825
30930
30820
30877
30820
30820
30820
30825
30825
30825
30825
30825
30825
30809,495
30815,1617125
30805,7858625
30805,5102
30805,41
30603,586
30567,98675
30508,540525
30500
30551,105
30533,33
30533,33
30533,33
30532,761
30505,31
30538,8325
30602,21
30602,2089
30602,20945
30550
30550
30550
30550
30550
30550
30576,105
30602,21
30603
30603
30622,1008
30603,2192
30603,2193
30603,2193
30603,0192
30603,2193
30603,2193
30603,2192
30603,2193
30603,4192
30612,71
30622,0508
30673,4678
30724,6183
30724,6188
30724,6188
30725,1255
30727,06115
30728,4901
30728,4901
30728,4901
30728,9903
30876,99935
30876,9999
30877
30877
30877
30877
30898,95
30826,09995
30775,1
30780,0011
30780,0011
30790,0011
30917,99755
30800,0011
30857,9989
30919,99945
30800,6911
30909
30904
30807,845
30808,9989
30800,69
30800,6911
30896,9985
30800,6911
30800,6911
30800,69055
30801,01
30801,0104
30801,0104
30802
30802
30801,5052
30801,0104
30801,0104
30801,0104
30801,0104
30801,0104
30801,0104
30801,0104
30801,0104
30801,11
30801,11
30801,11
30801,11
30801,11
30801,11
30801,11
30801,11
30801,11
30801,11
30801,11
30801,11
30800,69
30800,69
30800
30800
30800
30800
30800,0001
30800
30800,0001
30800,69
30897,9989
30897,9989
30897,9989
30898
30923
30923
30923
30927,6987
30928,6316
30928,6316
30929,5805
30964,21395
30930,6288
30930,6288
30997,9495
30997,9995
30997,9995
30999,9995
30999,8995
30998,3995
30999,9999
30998,5995
30964,50185
31011,37075
31079,39573125
31084,01995
30939,0004
30970,403
31000,403
31000,403
31000,403
31069
31069
31068,9999
31078,9999
31092,5727
31078,9999
31078,9999
31078,9999
31089,49995
31069,6
30996,5382125
30975
30975
31000
31086,09685
31000,0011
31099,8978
31000,0015
31000,0026
31000,0011
31000,0004
31000,0004
31000,0004
31037,4877
31109,9989
31110
31121,9915
31124,14895
31132,49
31139,98
31139,985
31228,0390443359
31243,7475
31250
31364,8827875
31394
31389
31389,5
31390
31251,2022
31362,2089
31252,0011
31362,20645
31252,00055
31252,10055
31250,8903
31250,10055
31163,89256875
31124,91
31124,847
31124,62905
31122,41
31123,41
31123,41
31123,405
31122,293725
31051,0004
31050,1
31050,7594
31050,9594
31050,9504
31125,39
31125,41
31125,39
31125,4
31125,41
31125,41
31125,41
31125,41
31125,41
31063,401
31065,1004
31066
31185,489875
31200,2011
31195
31240,5901
31081,0011
31246,6792
31246,6791
31246,6791
31246,6791
31128,0016
31246,6803
31246,6803
31246,8815
31250
31250
31250,2011
31247,2815
31247,0815
31246,8815
31200
31097,3062875
30904,5556505291
31052,9989
30950
30976,9981
30976,9969
30973,99755
30973,9981
30984,998
30990
31052,9988
30991
30923,2803
31050
31052,245275
31053
31053
31053
31050
31040
31000
31040
31030
31000
31000
31043,5
31000
30907,0011
31035,2317
31030
31028,9992
31039
31039
31038,5
31072,2132125
31159,4287078125
30956,5764
31174,99
31172,9896
31000,742
31000,742
31000,742
31000,742
31000,7419
31000,7419
31000,742
31000,7419
31000,742
31000,742
31005,9435
31160,7333375
31061,1451
31175
31175
31214,499775
31235
31249
31347,0544512207
31359,99495
31236,3011
31251
31250,0011
31251,8044
31251,8044
31300
31360
31300,0003
31360
31359,9995625
31363,17335
31365
31372,0698
31373,73625
31375,2019
31375,2019
31373,052825
31372,2698
31466,4254209717
31372,1709
31195,9941454376
31358,99945
31359,2
31193,925
31170,2149375
31200,002
31200,002
31200,002
31200,002
31225,601
31251,5022
31220
31204,250025
31249,6145
31199
31249,7641
31249,7641
31199,5
31199
31199
31199
31199
31170,0265875
31170
31170
31001,01
31164,891325
31150
31150
31007,8782
31167,87
31149,9983
30909,6027964783
30831,002490625
30810
30733,9678371094
30700
30677,8125
30675,8507
30589,06435625
30675,3259
30675,32645
30675,3259
30675,327
30675,327
30675,327
30675,327
30675,3269
30675,327
30675,3269
30675,327
30720,4714875
30675,5291
30675,5281
30792,926
30792,9271
30792,9271
30794,9777
30795,0279
30811,00415
30851,7062
30853,2695
30858,1419
30882,778675
30898,39
30828,5763929687
30898,4012
30916,1646
30915,9646
31026,1751
31041,66
31040,15
31040
31040
31040
31040
31040
31040
31041,5499
31040
31040
31041,4999
31041,6545875
31044,312925
31045,3085
31081,0967
31084,414625
31118,430925
31053,3482
31120,999975
31062,5476
31124,74945
31053,5482
31040,8427660156
30917,2054
31090,7731
30918,5311
30920,5831
30917,1506859375
30648,6594277344
30798,229
30679,6481
30679,6481
30679,647
30679,6481
30679,6481
30679,6481
30679,6401
30860,614775
30923
30923,2001
30923,2
30923
31039,3272
31039,3272
31169,122131131
31177,610975
31189,2261
31191,0571
31040,5425
31040,7418
31193,113
31040,7425
31040,7414
31040,5399
31039,90665
31039,7294
31039,5283
31039,5287
31131,6747
31039,5283
31039,5283
31132,64685
31039,5022
31155,6772
31039,3272
31039,3272
31052,5781
31052,9758
30738,4504
31048,9989
31048,9989
31048,9989
31048,9989
31048,9989
31048,9989
31048,9989
31048,9989
31048,9989
31048,9989
31048,9989
31048,9989
31048,9989
31048,9989
31048,9989
30730,0004
30734,9266
31048,9988
30802,6846
31041,9974
30895
30995,0007